9394  41.047782215499396 21.715103680623642
9395  20.57387821634309 39.47395694872361
9396  28.50875678232661 0.1651250524758786
9397  29.586796957499942 5.36825954042545
9398  77.03110470005883 19.609050028440727
9399  19.714964852962837 23.54168071402568
9400  67.89012904427256 7.339611809457764
9401  97.79854244204975 44.16439190052239
9402  87.93756683596376 24.49350308250063
9403  65.7540536747204 37.66252164639147
9404  68.72823774866598 1.3582185477476423
9405  70.82545210559911 40.00858007188526
9406  88.28267391247088 24.02867425337334
9407  72.2433447293959 38.786197074527294
9408  70.81242995354508 47.53962410394062
9409  67.42545530182534 21.53797880380016
9410  9.223850436946382 42.29863789615733
9411  62.09961876639012 28.804943978364932
9412  12.02281648880908 2.3596754065920598
9413  40.80450768451934 23.5361511355752
9414  64.68407451237049 32.50597967550098
9415  61.87635781962362 14.410365729522347
9416  96.52205603506303 22.147808330670216
9417  11.38493351510363 10.901250402611616
9418  29.094214645827595 13.91616174203907
9419  37.65820654811838 5.2716354391697555
9420  42.2801535388724 24.901771807911583
9421  41.46396162973758 32.888332085391866
9422  10.68126510601748 44.12898104700737
9423  18.923212074505805 27.428866808718663
9424  94.8555429264166 30.26529097220758
9425  23.072895835506177 26.37567677644446
9426  90.94259257743747 29.2586162718419
9427  19.7949698830432 28.50604176818162
9428  42.543925963079054 24.065434145674352
9429  85.72656922593494 38.67649870989848
9430  62.21593485800919 21.664228085706192
9431  10.366114512356795 4.325031129919973
9432  38.01531249325228 41.627639786169674
9433  73.4929920573882 5.403970553082187
9434  71.97746369422633 20.36413127338391
9435  53.814427929799336 8.064042351951517
9436  39.91396187670736 25.038600077690585
9437  33.14920461751261 47.41672769373941
9438  35.842146797560076 38.32823240897344
9439  79.49087702977135 20.803996022834806
9440  21.16169229082083 44.26725728456622
9441  37.59069048313754 41.87466330011609
9442  18.3994862610897 10.364450897131752
9443  38.014500969523105 0.7637029417296556
9444  33.64537787961358 17.170401376495775
9445  69.4187716098833 26.301237010321035
9446  35.546692286379866 16.339334476075962
9447  81.89071425799237 20.320294055855204
9448  58.21873700345821 14.319403586067722
9449  39.187503802397295 20.672284203073204
9450  26.196180184358024 15.880634027201609
9451  71.784539109205 46.61775929380735
9452  52.084599069539856 5.879081169535192
9453  64.08025370095709 4.378387323509238
9454  66.13520742136589 25.826200231241234
9455  80.37724032033901 25.630327278059195
9456  88.70542568548919 28.599887751862987
9457  13.536612813287382 13.038479153312867
9458  75.24496178367711 6.282084208731422
9459  46.76447451130581 27.20380396538658
9460  90.6683916703376 14.120961129989388
9461  87.73233221714574 31.94853067419117
9462  44.69792644989763 37.012507612009806
9463  36.167568746256805 45.40653205887607
9464  36.81112008282171 31.776578654278975
9465  65.18517216729282 12.854929588697543
9466  29.909775879742273 8.749839736802102
9467  68.42906771751811 12.981986874152968
9468  34.401481709689094 41.84281393976339
9469  42.35571638029931 43.2754216577542
9470  50.80022195593376 46.063096652903866
9471  88.62565505838832 11.774877772372436
9472  7.9914698433450955 31.285887381250472
9473  48.696294091835654 20.574153650778687
9474  25.971708674196403 21.969733243378325
9475  64.25058536700543 5.110492092813565
9476  61.32540905331767 22.800411111047126
9477  86.04044013935834 21.781621928090043
9478  59.78901372230552 21.41841300628971
9479  77.84220521267727 35.42787701458645
9480  82.86651822034197 0.7745625887915768
9481  67.04163163529624 28.58663830801465
9482  94.20686134022245 42.04107409500801
9483  70.15633376636409 23.296722220848626
9484  53.42239762984289 22.211083288097573
9485  32.369987935057566 17.55481195114807
9486  43.75716867662103 46.401188961090945
9487  28.077769986040767 7.786962477741303
9488  97.57653002947352 26.710809162994995
9489  59.8605376304602 0.6476153523420902
9490  17.574994452612927 20.99101372364749
9491  16.42859003160487 25.04476824604647
9492  17.694078702770483 20.50831855836043
9493  35.2433658532759 43.15833803026797
9494  20.7506051332569 12.990965652570997
9495  79.19505781088556 10.004924070094443
9496  16.766981325082032 22.423525944974397
9497  61.02579675689951 2.4125115228580984
9498  66.95486379056075 40.68500352949488
9499  55.14210603483366 37.262572074790626
9500  83.63541228593219 26.82804099889877
9501  47.59422259706459 3.733567777935959
9502  84.51171399988863 33.29892859923629
9503  92.4265530402884 0.18887013955494225
9504  46.148426158939046 30.196343440417134
9505  42.89069450333628 32.83353550844453
9506  24.483584834364983 24.880228853150605
9507  75.05561649791427 22.41361497635934
9508  89.46165078247293 13.261076809968435
9509  79.04576699737623 2.3273477720678786
9510  14.983596341264448 22.84734984679547
9511  21.527178581604197 41.059938613098105
9512  47.66811700044436 2.704735645345407
9513  83.11699059161664 22.04287932752284
9514  17.410834611679125 28.382300194299383
9515  77.98370029735929 34.77561122631083
9516  72.87254476757532 36.49227761121438
9517  27.02068964798699 44.07476414630405
9518  40.06650915985148 7.5303194494274495
9519  40.93527138276005 2.7537263162766976
9520  73.216381566845 9.15019234551518
9521  56.89155816743837 47.47773646264108
9522  56.86804923336753 12.368746267897656
9523  34.49932215225996 20.459639502017012
9524  7.990097547350439 34.96529190957448
9525  26.7902971924417 43.46160200719503
9526  6.945548530848558 9.246055450793197
9527  64.73123583219372 40.55625324864922
9528  42.48377823947257 28.643112730129754
9529  71.5304845855739 37.33619049179977
9530  82.50577117932814 5.6089963628230795
9531  40.70946145922729 13.699029347830457
9532  59.467687033771966 40.17002057461065
9533  44.639995534574474 13.021606618895852
9534  37.29296621300529 24.544391532939375
9535  20.822843343496423 39.06422195437265
9536  31.55018352542539 1.4136550019369103
9537  21.79516151958 10.168031669750814
9538  56.91406201645126 22.727751799502943
9539  77.13431968948994 38.21481702380938
9540  71.05720318972625 38.036702242513826
9541  17.160071655702932 0.23470880998109167
9542  75.79441503690781 42.9249404656831
9543  89.96004941197786 34.70715920041206
9544  57.60484170752719 36.699050270387566
9545  7.449317280588716 16.734870382249667
9546  36.690278661659534 35.29455471158863
9547  52.28965339517812 35.254942736661654
9548  48.0011341097131 25.858693651904726
9549  92.46000585540392 8.007656446613286
9550  25.445529215550025 28.62276231893562
9551  46.65362295229911 12.325099768907052
9552  18.13870908162071 0.19390017363968548
9553  10.292625947852592 35.89987177611212
9554  93.17304610650989 15.443936759069318
9555  38.12047375594986 15.340718534002807
9556  81.95824174353073 17.615041964318035
9557  41.4929178430334 41.75764527843045
9558  45.360480910119726 25.59060690108869
9559  93.2927826308685 1.1906968990645055
9560  75.16971312303346 28.58415643163535
9561  75.28436922879507 32.37346452735964
9562  22.224410991982822 19.133594693989735
9563  10.471057595668906 23.666756340618935
9564  7.240048929513152 12.927439306840757
9565  72.16976555460167 32.05535028120593
9566  94.21895612325683 2.753059024169941
9567  27.377233221083184 19.54105605581144
9568  7.834121652472484 37.2163631056186
9569  98.44558280206662 29.003259483008947
9570  24.216613683814156 12.068072045493215
9571  49.686634701082355 37.733449775365806
9572  34.69063386533757 41.579772024067736
9573  71.90399977612088 10.277540287519237
9574  7.298577565945989 4.938902999320044
9575  45.67145422246984 1.1548591811225295
9576  38.643751961198774 6.312906903300397
9577  67.23052985449452 8.295804128179597
9578  30.834077233716002 38.81349178157145
9579  84.09833195779628 8.142220732451504
9580  92.53949546318965 33.24298457819835
9581  74.34306010197491 46.64623345325104
9582  66.76550822186034 5.715190419753802
9583  49.86048548165136 18.119796498435342
9584  16.561437346349756 19.668390809707017
9585  50.73924563968463 0.9055940242177802
9586  10.834283252936753 9.98541932505779
9587  84.1967686109513 29.539966673431383
9588  88.52280900813888 20.347842592739116
9589  10.274483827314098 12.276648261197687
9590  61.94893746913723 40.069628326346205
9591  35.735512769615795 30.23583593615964
9592  18.053241265674895 46.341697823536265
9593  52.15063921113931 34.79272088223058
9594  14.85357239592032 2.5414961588842786
9595  81.59413431604636 17.616833817804647
9596  80.9295449651501 35.90690315520026
9597  33.69677808212744 22.59989456817718
9598  53.73505315045893 26.241706767862592
9599  66.98497234627864 34.62989559043789
9600  49.4825015889415 13.782662333825972
9601  33.19076020255114 42.061684881422394
9602  50.21737156765619 7.284420843325092
9603  87.15681505175661 12.908165339511731
9604  53.057323397629716 21.32325982125423
9605  46.17583664545761 37.67224466504316
9606  89.31021236316114 42.49485221492479
9607  19.56199645164594 6.687534621715329
9608  18.913004274212955 28.011050962678222
9609  49.90780152836499 34.006121362506676
9610  67.3743173402637 14.16279138652985
9611  56.32989371818799 21.422943670109316
9612  90.39872549124156 9.439216838649038
9613  61.973068230727925 37.71687934714679
9614  53.74226699099495 2.8465442340119793
9615  11.58582894755732 40.66446353827308
9616  22.799649869851375 23.22467754272363
9617  73.2983878390881 0.5158736384863561
9618  13.580536470501377 39.22953948799763
9619  10.57299124978548 21.441740820834326
9620  16.810119123970054 33.86120679834598
9621  90.22481804576931 15.377830697697926
9622  33.174642183964664 39.5631508053861
9623  85.23755988145327 25.413895493657233
9624  54.843144776033995 41.32407135149011
9625  40.41952801807193 8.567579281729609
9626  76.11375414179736 23.818830583585097
9627  65.72239733530041 4.919428177299662
9628  49.852109066327735 14.419203321839454
9629  87.23716704798096 30.98804053507228
9630  97.49235235334314 0.39606696297546573
9631  24.848465706721626 44.34247712672141
9632  85.938537727897 47.62683355349499
9633  79.6775872522972 41.16885162167015
9634  58.716360569400905 26.432839417452037
9635  23.10342754200133 15.271022064337163
9636  20.566931903191747 28.287106015506108
9637  89.62128360573448 31.37505879575985
9638  11.834573331757909 46.23829395061688
9639  26.489687911302443 42.24350132871262
9640  93.48365478735158 35.46905156116159
9641  45.37090673883401 44.45601801442587
9642  60.44660297318853 38.19255923255161
9643  78.34774531346594 40.15550613091945
9644  92.66066576999128 12.477621429433544
9645  95.31189399556663 27.09693660735293
9646  83.30111770127196 43.91421891609417
9647  47.48960609699578 12.805509379281782
9648  78.92270562244052 26.7606627553293
9649  74.98236275422123 13.13177519229337
9650  55.49183609186266 7.4774845758762165
9651  20.33687095299617 47.96826365337266
9652  33.17320560494943 5.915867922434561
9653  8.507094087254892 18.539879650853603
9654  67.65365884310232 36.96752229425792
9655  77.00318843349385 30.669629616830353
9656  20.179776898368555 35.25010490193041
9657  35.91908652538341 7.632589683512924
9658  95.44640853798293 11.998029387888213
9659  79.66107528011855 19.229938559893498
9660  25.505194641999953 39.89790505707479
9661  83.76425413594328 16.518427739629868
9662  59.02137542204203 11.481836479909582
9663  91.72138484286336 19.008009503474394
9664  20.99276999349412 10.228943929953244
9665  26.93440448794295 39.078309091212056
9666  89.2012895886343 24.43317199833825
9667  11.157505700408002 0.2775337634357953
9668  61.94179474601973 36.3894630952132
9669  67.4795161074173 48.80742947036754
9670  92.46540146884477 32.051074588990815
9671  39.628491532590104 30.554516697224734
9672  55.02294376612293 35.539895641512196
9673  49.909315034717636 17.1290734747816
9674  31.05848712134034 24.79969538874748
9675  31.016434456157235 16.862753212001135
9676  81.25692154987466 13.286535643604061
9677  24.895719957078008 6.366949989013213
9678  64.76932248596002 6.527518768332527
9679  85.57759956597656 26.763854766409708
9680  97.20493027130632 6.50057676323548
9681  81.26583302099387 35.534873423709314
9682  8.941517083805321 11.221430141350794
9683  25.48321786762346 17.402304471015274
9684  12.510453602358988 1.1501941644858058
9685  66.24617157013363 7.563459547499488
9686  55.850794263357166 16.389463855322212
9687  7.082206347270504 33.89942062289305
9688  50.22069027631017 45.1053866363927
9689  12.291863240245199 27.844918128308766
9690  23.730731491573394 32.646969578357385
9691  92.0062059635465 46.16196127371145
9692  91.97042972109328 26.812039536810463
9693  36.09612224315604 17.532788423229665
9694  24.33603963260967 20.270869189602646
9695  71.21934548730123 13.726485834046956
9696  26.093376632008166 46.772147049692286
9697  88.65102390471274 18.528790170432575
9698  61.12569888825348 23.554455096053626
9699  56.49893505211708 6.52527754266709
9700  38.5099660972146 41.61246090141724
9701  62.64234939768539 7.0456421426292435
9702  35.214801713161066 0.7719987215060619
9703  20.08671078776515 8.964648761269306
9704  84.31402556626965 9.832832266950867
9705  54.29752907856205 16.558963695260463
9706  88.91553870064534 29.11759027788993
9707  94.41070110466515 30.24285293628211
9708  55.751993645776636 35.56488316199976
9709  74.76493414299773 38.661357803474615
9710  39.55830552898429 20.468681271139996
9711  72.45811378004606 11.337026197815913
9712  45.642159249701706 22.18951856915313
9713  74.70645410299169 46.74607717399226
9714  18.58406334295165 6.80467943138787
9715  26.946590791572778 46.32532792975479
9716  35.15796060210687 41.0441226777765
9717  82.788321088568 29.958413409446454
9718  97.93909150678682 18.423717034014143
9719  82.57957005916496 3.4025931920889922
9720  46.242789789166764 40.71339212791132
9721  20.333638964658412 16.21755758851538
9722  81.8920240627496 19.887155925929996
9723  38.40384420336868 36.721795708618785
9724  14.153906977344374 21.55865933870176
9725  35.54953850594973 31.581255745084196
9726  36.19336740398703 22.231678201541673
9727  72.37781886595295 48.481196270267226
9728  27.55495563312676 26.869561408327687
9729  57.66082322472561 45.536820383046525
9730  39.52389732378803 14.044091442565534
9731  95.34431200838648 33.8189752789872
9732  36.42828744586638 3.929338708660922
9733  12.897041539535262 1.4668758947739722
9734  46.85441438168128 31.70328601683396
9735  29.214235200782287 13.307527917077701
9736  13.203543164839521 17.888864235320252
9737  23.140665576073484 1.1750599454746777
9738  9.80845741990815 4.545025725884846
9739  88.7369634797789 47.194750811953114
9740  38.4352395213785 47.426210112248434
9741  11.023335413736909 16.34817894787674
9742  66.20274709879915 21.455676018675245
9743  40.619848928896516 17.96853434917758
9744  46.60230817785363 31.72280719651532
9745  24.41561603644322 17.163999089282765
9746  74.739727996061 47.83909907182595
9747  97.94473210169559 24.96944942875674
9748  68.93862156483085 12.669007484835735
9749  51.025002109565406 39.28620897491554
9750  50.908961725355844 46.39547667655709
9751  26.63932650616539 37.13507551273861
9752  32.31980308026003 43.043717516743925
9753  65.83863439534304 42.96292706691953
9754  86.65005255918972 46.521697598346634
9755  33.45483094643457 47.90778820990586
9756  19.76242344880096 14.70626599697255
9757  60.81500327504267 5.494469267385475
9758  65.61023337289436 18.50246431947368
9759  88.7290942451624 47.61245457121663
9760  53.14343046264889 9.815293517899429
9761  59.790506139840566 12.81603648507392
9762  34.68162827086843 6.594853083971713
9763  88.1064710200819 1.5565020881937577
9764  67.18805175437423 15.766919936239853
9765  45.55523163382134 38.032874693095984
9766  95.00621496541298 32.79670963771295
9767  94.21455100517322 26.53613884484571
9768  47.6841294298812 29.101203132274616
9769  76.29509618078474 28.678380607086904
9770  93.1921984558316 24.925819799497003
9771  82.38851072656925 37.280968391474644
9772  71.30798108675937 17.171353527194082
9773  80.239080495868 1.3816232992672193
9774  55.48630935603103 41.19014244347592
9775  25.799293861995682 38.63286472162186
9776  36.82409445217115 28.439448172559082
9777  81.71661914311704 6.842636923310813
9778  50.1817844435378 41.14993988738898
9779  33.832555956717705 6.175572127237719
9780  42.72258034338208 14.49750013505058
9781  71.96151659871474 6.017014562376899
9782  58.263212417928095 4.3550906302157415
9783  86.82324004194125 27.640255913487437
9784  48.97779469525914 8.620859614216712
9785  97.50490679219212 42.45410128704929
9786  84.97850419546918 30.586355054090166
9787  74.04819472143924 12.120100138320645
9788  26.15655276003752 31.834965401523487
9789  47.96803679344522 19.083810448894855
9790  78.7522897652743 2.2824971791383026
9791  36.12563526128037 16.095479508724612
9792  80.15892032082442 12.7699962246455
9793  98.88222691794655 3.5493671363059955
9794  81.1224117327661 8.209687761675967
9795  55.71017166612348 32.6351662583409
9796  74.41431462087715 34.256462954186965
9797  96.72102191258155 1.8437502833502588
9798  78.55396059671095 8.765820725820342
9799  11.202739095196751 3.0448597240350246
9800  47.440913169171665 45.58159385929482
9801  19.449742413017834 28.457339421264784
9802  75.96375009849781 39.27651340346262
9803  72.97384733582462 10.902965553477626
9804  85.93867666364973 16.393713458703076
9805  7.363436929854768 1.8894575113651408
9806  23.35758278130441 8.4256204207626
9807  62.69287288792591 45.61304567035832
9808  50.88164164107811 24.37671655835538
9809  60.697417185323154 28.18619752443996
9810  93.28903765958577 13.444561817018686
9811  52.006972610254124 45.42091331490867
9812  7.544554539672087 38.83165713341922
9813  40.77787037683035 10.828469527642602
9814  15.278985204920861 16.97848192553973
9815  54.53841362239335 9.165983973496608
9816  41.92611023397917 17.759496372300674
9817  21.321150929348736 44.69212274761793
9818  96.6616461153122 37.03887713584754
9819  83.06087996184338 29.795879695844
9820  81.24608939410373 35.631770830285824
9821  93.74272048678775 4.76502179861934
9822  38.0817716902509 3.488797649074318
9823  23.400972707520275 13.527434355267289
9824  65.93551705179367 31.049124257089755
9825  35.82463652205487 6.402736001064617
9826  56.2377806429562 31.53725914553507
9827  17.273879436401412 48.43272815394152
9828  84.08389869843349 7.804066072425216
9829  74.52505190342212 41.70079765497461
9830  17.302416805237186 27.555036148629544
9831  45.487817530196175 41.82320997214565
9832  84.53218541835976 22.428213395220126
9833  26.43212867473692 42.34932396069483
9834  46.02882632165451 32.38616508011608
9835  14.056108271821303 40.918305428273776
9836  53.226482011225805 25.05972690216995
9837  88.27630554938996 40.913545169210494
9838  15.431019846441686 4.059815278152683
9839  17.452349842097306 20.749189667583604
9840  96.21837851526719 45.030461373432075
9841  11.581400270420342 2.565777251547433
9842  75.92729775074224 29.26342659476725
9843  80.87281769393425 34.450349755008396
9844  60.103815794636695 15.875260582088568
9845  89.91397600104526 46.38807486133475
9846  14.506032239065775 43.75606335746126
9847  77.3441284744581 38.935421087587876
9848  78.20405524123122 27.432696398168297
9849  12.509103033234734 15.408534346435918
9850  39.64912976954235 36.82591810839287
9851  33.45294409284279 5.592929460936118
9852  53.84844453807603 8.449488141048361
9853  74.0735652905029 43.831566378310065
9854  40.73541904711092 48.02685695538858
9855  19.304790254541945 14.6568342015827
9856  36.96333072780866 4.872781918734098
9857  8.109728151768827 34.739421950346674
9858  73.77253156190926 24.547230313519723
9859  42.10813747205567 46.796275801533305
9860  93.14356259927762 10.352561333368381
9861  83.2338005368122 42.68862309806613
9862  97.82860918577978 29.26610287092891
9863  98.90231200592585 31.42036094030868
9864  18.59052381219969 45.07672180476805
9865  84.37140456640289 32.92052945036906
9866  87.53528797304855 43.7425838861212
9867  93.18810113158186 22.782226644202794
9868  16.76162199669912 47.97979995501048
9869  9.76973332943078 43.063650481878454
9870  57.0842972497795 39.95298430705137
9871  59.45216707575188 22.83345170851538
9872  8.12324726695832 46.54515864195419
9873  97.90362288923076 29.303080359711164
9874  17.755096914854676 27.645389144459998
9875  69.5213390568154 7.686459978629714
9876  59.83407956292743 25.78445155690152
9877  54.06727060202445 9.432725153860423
9878  16.78417498100086 37.92435541243856
9879  23.12318268749488 6.843080348304135
9880  89.90297938721699 34.45285289655143
9881  68.22824098593372 39.911626718542
9882  81.57201736570727 25.818104256429777
9883  71.9612770030383 46.95039222553861
9884  40.578927952874515 8.257543323344526
9885  81.22433400197227 30.773311309492044
9886  72.7930551211684 1.5997627727565276
9887  54.50969655758527 10.231899542212044
9888  18.663356355983527 36.54407885879083
9889  57.22210759599506 13.044080033981468
9890  30.74910169223605 21.569877925063672
9891  49.39334818411252 5.690989780824836
9892  75.98572612155678 22.648076398331284
9893  24.997604837148092 33.89952988211338
9894  76.04122652477515 46.9867610042961
9895  43.759161945780534 24.8811811557651
9896  35.10606214799848 40.15602250597583
9897  94.29296600570429 10.397968219473707
9898  20.377210017484845 24.659885037453844
9899  69.10517501164567 5.402532054117699
9900  11.913284267587684 18.51460692127105
9901  31.74800989956466 42.62359244394097
9902  76.30621562916632 36.40979584741211
9903  82.8821496278372 21.403973081769102
9904  59.299033093052735 1.8055210537865705
9905  83.27635440529872 17.279510229725076
9906  97.80582508961051 9.26782325432051
9907  43.94100735401816 20.78095047103323
9908  50.64922601867746 23.476545413624724
9909  56.797019690574295 34.60376020632323
9910  10.829798431462276 40.70111380292376
9911  75.22872687101213 8.693252474470562
9912  14.954165852102985 2.519684715480823
9913  12.222352995662906 41.47017816199499
9914  87.82414792136662 14.024606080127542
9915  35.65984638466635 22.07698829432092
9916  32.770150967551125 22.39814507310524
9917  64.11705524867783 34.69866977448951
9918  63.224061433991594 18.190063350800774
9919  70.66226827918328 16.257805429222735
9920  64.6405376926126 10.965181693603293
9921  10.245315826323692 5.831686927581536
9922  12.241050295644548 36.91926845760211
9923  69.55522461881858 11.516249106370845
9924  61.87025165940308 23.422140258442585
9925  43.95205365009397 48.80562927023388
9926  9.07952328418822 27.135228718819977
9927  67.62140833323072 14.116846096433685
9928  60.526105845645 46.92509290398334
9929  44.73667117017754 36.05793453978989
9930  79.587449257598 37.904540988539416
9931  22.209848970688054 7.803793943867137
9932  81.72478600098034 21.779402664271256
9933  66.04340204819322 4.494026223545999
9934  80.80287151054866 13.246078641597668
9935  89.67534833206669 45.63242168899474
9936  26.749871239319766 12.812594287564051
9937  28.478912678516355 28.254567747767457
9938  28.505123723901928 2.287052491691888
9939  16.08865057704818 42.62830562859214
9940  36.0132925878723 29.77805454099292
9941  43.28543340128059 4.522634577907019
9942  24.037470839407725 18.39504323043485
9943  55.594301657828865 19.985256832042662
9944  39.2647824588284 8.15269505727023
9945  11.491730877475868 21.810476642658077
9946  70.73709028778616 47.704358427629494
9947  42.606935730975735 35.511347386611384
9948  77.41573198509994 17.935716499252834
9949  77.5493839707389 33.20797149363265
9950  97.11738724212393 7.6975595269298465
9951  65.57320883168057 25.193448408265766
9952  63.67279301958431 27.611898276240847
9953  22.32134664530362 18.305368282481748
9954  57.80377592708992 25.331466195027154
9955  42.27033633288591 5.459861205218991
9956  65.22035032435907 43.7957499604734
9957  40.11762842513642 14.015339862545725
9958  10.567593947963374 15.428052520660339
9959  63.7684924950488 27.270841066356816
9960  76.6731304833773 26.821408304568312
9961  70.23253327667614 35.391982205391756
9962  80.35630146358893 15.758630470950058
9963  92.51208669039579 32.71419211047826
9964  41.548581528363385 18.06566229785939
9965  20.876783625573406 20.351760564059102
9966  8.93114240422327 31.115921458425593
9967  90.43456685996225 2.853389793268158
9968  46.52712322859499 23.03707383051536
9969  37.747992205816544 39.61447303396169
9970  75.93490591319028 25.546188389215533
9971  17.054015340516514 44.23228182336032
9972  51.94736684553502 20.95722755564729
9973  65.32226114993371 48.49621523807815
9974  92.14460318802185 24.352744829728916
9975  93.73763080535383 24.33488076998195
9976  45.0051632556217 35.519338174353436
9977  68.9703081592458 1.1307397379690216
9978  75.65717032343268 48.851619980969346
9979  38.784661274623375 9.22887645011308
9980  61.573692295957734 11.750549461314431
9981  32.18899472579966 42.270272906410405
9982  80.97627358986512 5.973540947865477
9983  66.25480680353331 19.327680460102098
9984  52.02124283155843 9.890917917565316
9985  34.9862352746874 2.794834072708206
9986  20.200158791229217 36.939953360236366
9987  76.55699430372546 9.93446084131551
9988  92.37191343365362 34.94083890949588
9989  69.57348564280055 0.5272772549637713
9990  35.63133251372941 10.7340243647665
9991  32.73084895591127 3.6843723161006445
9992  74.55252898618365 2.6399618023811646
9993  14.069670969209213 10.675833933618918
9994  76.32607096075141 18.042194114113844
9995  43.584972368609954 12.733315155824773
9996  63.44814308353604 31.882254469773407
9997  91.22285780660873 30.362497730267396
9998  21.004756969632055 14.366627034660567
9999  29.32696707103736 6.29301888459522
10000  85.6970256559353 1.7534645589970728
10001  98.45758371381038 32.52667602581938
10002  72.25641045175377 32.95177740486551
10003  51.44288908246435 28.262411203027753
10004  43.58559952804261 18.641073253030722
10005  16.632589819608533 28.512011888065768
10006  90.34683013512756 32.705741569230355
10007  53.931193448294636 18.112153767195476
10008  32.940701144086056 28.18389436307195
10009  98.97469137193535 39.81072146012534
10010  24.243059622427985 10.659485772994206
10011  98.7860770633331 35.19372034683524
10012  21.834992728312244 34.804054276757654
10013  88.42433905998794 2.2116990376488
10014  58.11911025377754 23.250818890946125
10015  90.68348969278784 30.165948076024748
10016  18.811653764346037 2.7925025925591758
10017  29.83584295522095 48.88166187977565
10018  91.35765028638062 25.02423259247894
10019  71.53893613726851 11.448412706723515
10020  59.16451910790449 17.607529330968255
10021  54.72863331986655 18.953100825562363
10022  61.02914679008866 17.602024660246947
10023  30.161771969541967 38.598508633643746
10024  86.64341327500983 47.11045590786614
10025  82.35172116428151 6.280955897192581
10026  59.27536016122673 0.6742976188617908
10027  65.42810489777706 33.74272443161925
10028  93.3198340025826 40.049230332312355
10029  27.9377812622112 22.732603479839405
10030  44.615346441325784 31.797331095220443
10031  80.35742233602768 37.4859478606094
10032  13.342756111294461 36.45808182598315
10033  18.203270183369526 38.318558586538295
10034  26.536007295133743 7.719948085790028
10035  64.80724101739635 24.34184936769343
10036  25.888334363017695 24.812278769070886
10037  36.92609786201833 43.68066574599376
10038  52.040438976444996 42.660563096609074
10039  36.55551975944889 37.89461430006945
10040  10.159195447546757 8.112720106818475
10041  21.074072415359474 12.24954594799286
10042  23.199308579734627 17.92899507254521
10043  13.045670399924859 11.70591749915351
10044  41.01208081803067 7.559516148211371
10045  60.78488274194919 40.846076895556926
10046  10.378136591744925 2.075553402441456
10047  79.07296641022585 21.718997834777433
10048  16.907643846344982 9.96432590929357
10049  80.90025013969543 47.90690462885894
10050  85.45464989898878 42.56547358761231
10051  43.91571189908868 16.395877473771886
10052  70.3241306463897 42.16552478721865
10053  38.60524559003638 40.73182773790281
10054  56.953258146235484 25.57595682820813
10055  15.672979436908314 40.7428056016802
10056  85.86417168531449 26.376817435009986
10057  41.66519702591421 47.72795359591105
10058  64.57411997614324 29.258263905643403
10059  7.712069646735094 2.1532958057259113
10060  15.074698543659832 32.43425736739556
10061  22.85325674617656 11.668280521268352
10062  79.15930688248184 12.091549999978954
10063  14.173731750897762 36.50759351547105
10064  18.309151363737005 32.457791530189255
10065  47.9461760529347 30.292944068090744
10066  45.524289671893065 28.142597390322333
10067  9.800370388933688 10.079165739403493
10068  47.738758974447585 24.616919633199952
10069  84.69734297110683 19.266062943677923
10070  75.51878481988155 40.28862168939959
10071  98.836156587553 20.984938900082206
10072  44.67479682538765 1.2570579112639595
10073  26.560923790394597 1.0626757565397638
10074  44.05580377722916 14.790514830925225
10075  82.77679942090198 43.07628229728276
10076  27.994968014739758 24.872094882866296
10077  86.13409072460772 10.224057190216444
10078  46.38326371578045 22.526890850555127
10079  32.37857538247892 46.18040364751873
10080  87.16305094680754 40.58708263327979
10081  51.003989949838044 22.298375719178935
10082  25.491518369933054 18.708443408735704
10083  15.774357871430446 1.800025755747558
10084  46.50757653018206 10.036364650810667
10085  24.54791040304708 36.24976970595434
10086  78.48215183461701 31.26093405608436
10087  69.68200194843958 41.785335742306685
10088  48.936816241851545 39.06964143497319
10089  34.47406711953348 45.00460962169388
10090  38.2979357312539 40.158339779520084
10091  83.41154070228059 26.669817716770012
10092  90.74039055401512 16.421296847276587
10093  35.23795305143633 13.886783508380244
10094  62.845774634959874 27.43065932034481
10095  9.984795607162265 4.934801200818019
10096  65.84826559596247 5.874682724397406
10097  9.557135695680405 17.268420473950847
10098  95.02312266461993 2.9128532952005983
10099  27.6555607816827 29.63761216186077
10100  21.46894769197671 0.3069405433464427
10101  40.99327939743384 5.471939417921234
10102  71.91691034998031 12.289473318111728
10103  13.765635477599243 41.93166075538784
10104  36.16033977574194 17.084831399653854
10105  68.02956104497991 28.515530951667102
10106  95.01079658311244 42.09660479269151
10107  36.056194383211135 47.80324388523096
10108  35.59533776866211 24.081910558464877
10109  62.13584767829699 44.889698427497336
10110  69.77306875191263 28.777347799115702
10111  88.10700091905537 0.04246197526711082
10112  26.793645456480476 20.106271139697
10113  22.73306933909019 36.582565261405755
10114  42.50850181121214 16.747227505475518
10115  47.9152722769971 12.538713556594042
10116  61.020460275978024 31.905840701720404
10117  45.21619811143264 40.01378036474118
10118  84.24653073081056 11.983541914844702
10119  41.98426413005195 35.97644206480689
10120  98.16804164072737 46.80599004575566
10121  66.12513613712309 25.65554679804334
10122  37.49440520412336 47.441122023876055
10123  81.64863038552794 32.60335994405651
10124  66.00847400434783 22.102554485001143
10125  89.08320964120858 30.61159522565114
10126  65.65101215523617 33.19227600818498
10127  19.298430527710238 13.495275596258924
10128  54.50678996760565 47.573603769009075
10129  80.93569427367828 24.252623679443687
10130  85.78795653814107 19.18543106859253
10131  26.82933066991714 33.78664091895817
10132  59.50934943299656 27.77638122906354
10133  98.80886166061352 36.851934418580946
10134  18.9498933805666 39.5584696135775
10135  12.21584304497513 30.242559415917665
10136  30.244589463761198 22.186356930434687
10137  27.492497163060094 11.995179751164585
10138  85.63988509553157 34.42510544146137
10139  46.39559425509015 3.953004861365818
10140  83.6714672033391 20.066473768911045
10141  41.53445206919736 30.10120921864998
10142  59.46158634423564 47.831411295682535
10143  43.30961469258562 47.151588391257945
10144  80.66482892947423 25.938275534132135
10145  33.51882463179024 7.490006606659446
10146  60.84103174819833 4.829164011408724
10147  59.420256231330676 43.42851990287865
10148  37.948203062378994 43.61845898149143
10149  61.29290884055247 13.43261899410965
10150  80.00863739512529 6.956658071870928
10151  59.24806703660939 47.30791724119276
10152  41.36557025535868 25.65564858597462
10153  23.848655977673058 32.21373138707578
10154  18.71347030440848 28.61949162747236
10155  56.6652937217468 3.655754926452433
10156  29.978654741513278 6.384325248381971
10157  43.88861524273183 7.919037297623616
10158  53.22113199455164 13.510730961257615
10159  57.152007455691816 23.37789956619697
10160  80.4688514574207 9.605239230730954
10161  65.64342147927591 13.390706736685766
10162  27.230314616845618 41.61970845582309
10163  85.79535116234769 39.01317648886878
10164  70.25279531721151 17.26224601873072
10165  70.2741544274446 15.553523864161892
10166  27.944318479979994 15.43685152178074
10167  79.768111084028 10.659601500804946
10168  14.067657762388162 32.09953956643345
10169  37.744713774103175 20.219755729408377
10170  50.31169826545788 40.87606413781708
10171  56.55668630480593 31.369954438378816
10172  58.0400485570435 3.2658492681182816
10173  16.352408660686045 5.053212766921052
10174  6.841957860034033 47.68879264293179
10175  34.135961841444775 3.2575113475729403
10176  52.964279166194274 26.98405325963033
10177  58.820479386055304 13.259376765244433
10178  75.40954943479687 0.07649605127595738
10179  24.05764526650611 29.24771437649075
10180  20.87419776862668 34.671238766384114
10181  27.5827289315192 41.5291085235138
10182  8.494689611134703 24.97112307340791
10183  23.696263230404156 48.957176019320336
10184  11.032852101305565 34.717822437799754
10185  39.654468314628296 2.545199365259497
10186  58.27325466268732 20.97801984912139
10187  21.390754965191007 23.372879392652333
10188  55.12655989812618 35.08133723759804
10189  13.99475958846827 42.74608016633099
10190  36.146171724746154 36.446835715658324
10191  54.044884500161416 22.859310142848315
10192  14.70867275258972 33.73743088326046
10193  28.747624380169864 28.725919340179924
10194  21.31570324424568 22.809439126563174
10195  49.928687636689936 26.941162079256827
10196  39.10116438631974 44.109689217636394
10197  91.35482168467593 20.753542546333822
10198  35.28925501408121 17.071474129094025
10199  8.997169083714642 28.91777532446881
10200  65.37160028154346 1.4275834072345757
10201  13.595245319412522 7.675859564190569
10202  98.99786908251163 41.42810887311152
10203  61.8586189896215 42.57221239294509
10204  71.5067702236771 28.299323473601987
10205  11.216880278086482 48.665457951486914
10206  69.01993506019552 14.634580964301053
10207  87.7141903219648 1.5537764905287876
10208  85.07810757732207 41.25675281493887
10209  41.58318489293555 31.097531396709687
10210  29.947504709843287 44.482127632931764
10211  93.89303789841452 1.5982853158591086
10212  31.66101346533331 13.403142528030296
10213  87.07944632515837 1.4715033495006975
10214  39.691924239967875 0.7837025938075403
10215  13.586029920099069 35.422452594718344
10216  29.21183980885304 22.25183375584288
10217  75.39131390064667 4.954773616770338
10218  79.75652548188421 48.49407086020285
10219  47.095917231953884 30.726616564658627
10220  98.28765048883503 14.073644878019394
10221  40.606004329131565 22.058454743136902
10222  9.275078412645643 20.888878467655513
10223  25.127594293203444 20.851335146549147
10224  50.18403422530589 6.859859507713128
10225  46.73005858595233 45.210743918733584
10226  19.746744965056283 26.696615209855523
10227  97.64883515469994 3.034576978702258
10228  19.141921818397492 9.43186120497187
10229  12.351951658982813 25.088976680298664
10230  86.89853820032104 39.92172542952032
10231  58.15434024584932 44.826613278313346
10232  73.61019745478949 28.007582360003607
10233  46.420677313682475 6.976856098331829
10234  95.8616159433805 30.854340841876773
10235  35.425064733767286 20.630347189952882
10236  74.93986051951187 48.06623960513518
10237  88.89235214625967 9.9682060546028
10238  24.161589840267265 9.811754562563989
10239  18.309634915052573 5.28850368056364
10240  66.21533529162566 28.23158852119681
10241  43.268374131838215 46.40632336361944
10242  70.46623994185137 11.44199114775799
10243  75.44611707367625 40.30401501055088
10244  28.065044315363547 6.275592548938641
10245  77.03879770629854 33.00843978381582
10246  73.34068575216781 32.28510476315415
10247  22.39740564553363 19.962721653410334
10248  39.87186127169307 21.35231500863363
10249  54.685876704249075 33.50850591760973
10250  90.92969591610996 19.836423880338362
10251  88.01130201241202 24.945591876188164
10252  87.09486895895536 6.03463388345236
10253  68.46939592408194 34.49823284678698
10254  93.52312257857295 25.393392655261003
10255  91.63888053305777 37.142677941493766
10256  24.972692822905262 32.424783816384505
10257  77.55500314006304 43.16163729012058
10258  45.9400672403906 27.419020277343968
10259  17.660489158221914 9.039771984839062
10260  68.20828066092993 24.811506818005036
10261  73.41664803882313 21.375292847183445
10262  95.57723678385737 28.054204843437233
10263  63.49635552326542 6.442735676694208
10264  40.12382809798725 41.42187493195424
10265  56.70626813559361 43.00946504027166
10266  12.576613795882494 33.32618987895137
10267  17.40186274438826 34.82222104209025
10268  25.936609133108522 12.482956591416643
10269  71.97452983019838 37.28988868796722
10270  23.73413969577806 2.3809025711839538
10271  63.809267870958635 36.42332342992274
10272  38.4138649683491 41.76058646468821
10273  59.347235689306416 39.27257942805633
10274  84.11749445052283 18.38410917464052
10275  60.990249273122814 17.899020599627327
10276  72.00407388125008 27.87442024742146
10277  61.70582233316013 29.54251149704751
10278  11.490116598699984 44.469807045333106
10279  76.84204016986672 45.376219268329486
10280  34.63485160785567 17.17104817739848
10281  68.78336148007428 46.796060421632305
10282  81.17337968452455 23.879433431495823
10283  9.98996793294101 30.463242656708466
10284  34.86389842440426 35.99674570473655
10285  16.075519572956964 0.41213400059012106
10286  53.13142447621347 46.33686336409428
10287  93.09266650998742 32.37108124700475
10288  35.71684846723715 34.06951867889871
10289  21.974595123580546 15.915570011658989
10290  57.232619859933415 4.761932668307958
10291  42.76010236816948 20.095834605215142
10292  48.68732935688356 45.39621376597272
10293  74.15037967407602 45.5770221405872
10294  20.056955417168844 46.88968002957747
10295  67.39460087127067 44.99121434183908
10296  12.436557828552846 23.803511695266437
10297  64.91738939151345 15.483172204818631
10298  38.087604511212255 3.7381077019634215
10299  47.17418946452441 3.4096985429584987
10300  33.83628909888687 48.010419534760246
10301  35.96057178186677 13.605874957575772
10302  55.5025647475595 41.932114635798605
10303  14.346605620527587 20.38899353397343
10304  15.858970428467273 10.229825202315608
10305  96.50480476868388 48.33436006358092
10306  19.8757624269737 25.31545598470198
10307  34.435643629089526 1.9826685213178843
10308  65.0435884491552 41.6048514917502
10309  61.43488652054199 35.84619393431156
10310  41.00616520883236 14.864637960799271
10311  33.038509098656434 7.091450179590664
10312  90.37276427570802 28.647199736607718
10313  62.123982570783404 26.24223735179181
10314  14.57754193596538 0.11248920657470252
10315  68.18331287710922 15.677830935422076
10316  51.433393908047215 19.15500626483349
10317  45.808194778414354 38.89797511232853
10318  23.239120884945027 43.774318179835184
10319  27.5112068969424 20.47466168174237
10320  93.6681314344548 40.304948393110145
10321  82.02310662817816 10.27958126227119
10322  78.52558266321785 18.915851454601526
10323  30.346845349102672 43.43789008263996
10324  28.19582546090827 10.437862260127952
10325  71.68878667542798 46.01440214115049
10326  60.43379209086268 8.15558762500686
10327  36.489066288332744 2.102085271015979
10328  27.13928825251085 35.053124960480304
10329  10.615878588787156 39.38281662558472
10330  9.652690119764541 44.288134715987965
10331  67.8542995434 42.23479482087514
10332  20.777236218942253 37.328684724407694
10333  44.906001663771676 5.123872170278457
10334  54.87316199390796 22.3964332075103
10335  15.829905011330368 34.3714591397265
10336  35.84011942858438 19.274239100449844
10337  71.77937478765878 11.448156819764602
10338  53.89583658619995 6.701872743450756
10339  29.081081842401158 38.5687667583005
10340  26.80036380924025 36.95978395727556
10341  72.35406314991936 3.9402823684309047
10342  91.85692150141533 16.560463888764435
10343  79.02655749571178 14.015669129359598
10344  40.55353110881915 35.953429467750304
10345  36.415832231461366 36.293839265379454
10346  83.02853403739368 40.45468561046508
10347  81.31702551898843 37.986837666006544
10348  94.51069541866138 15.195060371728516
10349  57.02714769297343 43.98182566703535
10350  53.212017502145876 0.6922054649185752
10351  45.52230111263979 10.867447472451891
10352  8.785992641625937 41.08809949281711
10353  36.75892243140978 14.279596114552474
10354  78.49397984943734 3.1068051622673476
10355  89.33308731419571 20.2285429688495
10356  90.20727752949517 16.385679482377785
10357  52.05606438889255 45.307610373320095
10358  61.61221708475505 42.74130317338461
10359  30.47293341209382 18.358555435724618
10360  48.965072214118614 28.76273940252612
10361  55.61817141803057 17.98446913500992
10362  26.92634335643067 6.875026062502477
10363  86.7017531876922 8.562014518798977
10364  90.60695496864366 39.07228818792222
10365  92.36351022362612 28.40555019153343
10366  76.98357698033082 21.582543718305605
10367  74.71045289652157 33.66171432116318
10368  9.805033536101682 48.47378713759085
10369  56.732100666143864 43.599551266605175
10370  92.82056569090149 3.9762060658426885
10371  67.44706484036644 30.131271171957156
10372  63.47033996077289 48.685442228970274
10373  32.595220796400625 9.066282688427826
10374  16.74973860426568 9.847917601587614
10375  32.55098375596338 22.297454478261848
10376  59.39098146149041 44.66432874736171
10377  56.0920705625382 2.3377010954710515
10378  73.85815062119484 40.44516352006471
10379  17.660470674704825 41.800146651301226
10380  88.40086198980103 19.54806808856303
10381  58.760775107567035 42.673329183633
10382  18.394110935937253 21.60749482728583
10383  39.16038309704374 44.90592571032445
10384  81.78977148320251 38.416731975628316
10385  59.46040191033874 28.441043818450883
10386  36.36571330756415 0.056828019358488135
10387  24.943205404050783 30.918550395417952
10388  64.67510374459852 31.861600094152987
10389  76.1799740734307 0.8507612227981852
10390  83.18978225976116 10.991105385418985
10391  83.13426452533044 20.4631748723325
10392  76.04670709250357 24.657266896841318
10393  67.42531862485973 17.762820389247384
