1394 44 39
1395 49 22
1396 27 47
1397 97 47
1398 87 13
1399 75 20
1400 72 42
1401 77 28
1402 30 44
1403 81 26
1404 50 42
1405 20 32
1406 42 7
1407 85 17
1408 56 45
1409 0 39
1410 34 47
1411 72 38
1412 94 6
1413 48 30
1414 86 39
1415 75 18
1416 30 0
1417 66 2
1418 2 14
1419 7 21
1420 43 15
1421 81 0
1422 1 13
1423 80 19
1424 63 12
1425 65 7
1426 43 14
1427 51 41
1428 47 23
1429 56 3
1430 7 6
1431 18 18
1432 37 5
1433 51 22
1434 50 23
1435 69 44
1436 58 4
1437 63 35
1438 81 2
1439 43 39
1440 84 18
1441 20 1
1442 76 25
1443 25 14
1444 67 17
1445 44 17
1446 94 44
1447 35 48
1448 31 22
1449 51 43
1450 8 17
1451 17 26
1452 6 5
1453 46 43
1454 33 12
1455 22 13
1456 43 0
1457 87 35
1458 72 45
1459 58 43
1460 68 23
1461 8 23
1462 21 17
1463 78 44
1464 13 7
1465 92 41
1466 6 19
1467 25 41
1468 52 43
1469 5 22
1470 35 19
1471 8 37
1472 54 38
1473 70 32
1474 1 21
1475 88 21
1476 25 2
1477 69 46
1478 33 8
1479 46 23
1480 28 37
1481 40 40
1482 12 25
1483 34 7
1484 96 40
1485 53 42
1486 35 45
1487 41 34
1488 44 45
1489 67 26
1490 14 39
1491 24 48
1492 37 19
1493 94 24
1494 22 3
1495 76 8
1496 8 27
1497 17 18
1498 44 13
1499 27 22
1500 91 5
1501 34 35
1502 62 18
1503 51 15
1504 38 3
1505 34 19
1506 71 13
1507 37 29
1508 65 6
1509 85 18
1510 61 40
1511 65 47
1512 77 4
1513 40 5
1514 57 41
1515 91 23
1516 43 22
1517 27 15
1518 71 43
1519 12 11
1520 95 38
1521 60 35
1522 94 41
1523 88 19
1524 81 37
1525 7 6
1526 30 27
1527 40 11
1528 60 13
1529 47 46
1530 21 33
1531 47 28
1532 7 16
1533 62 2
1534 84 28
1535 65 45
1536 63 45
1537 15 23
1538 47 40
1539 84 5
1540 93 43
1541 36 4
1542 85 44
1543 54 35
1544 64 30
1545 66 37
1546 54 22
1547 31 24
1548 63 39
1549 84 25
1550 55 38
1551 60 38
1552 84 43
1553 23 27
1554 67 46
1555 77 34
1556 53 30
1557 71 39
1558 86 45
1559 3 41
1560 23 33
1561 87 10
1562 21 5
1563 77 8
1564 11 25
1565 43 31
1566 85 18
1567 57 20
1568 52 20
1569 54 4
1570 15 3
1571 43 24
1572 92 10
1573 78 10
1574 6 43
1575 98 19
1576 81 11
1577 56 8
1578 69 30
1579 93 32
1580 22 12
1581 88 43
1582 30 40
1583 29 5
1584 12 2
1585 47 35
1586 85 9
1587 30 1
1588 18 34
1589 62 20
1590 8 30
1591 12 47
1592 80 21
1593 9 7
1594 64 40
1595 41 22
1596 72 43
1597 27 2
1598 97 5
1599 22 45
1600 43 19
1601 42 18
1602 18 33
1603 32 2
1604 92 8
1605 84 37
1606 74 3
1607 12 48
1608 9 31
1609 68 30
1610 26 8
1611 22 5
1612 25 19
1613 10 3
1614 89 43
1615 25 6
1616 34 39
1617 77 42
1618 12 23
1619 80 30
1620 29 40
1621 97 45
1622 47 29
1623 52 21
1624 0 39
1625 37 23
1626 56 36
1627 24 46
1628 33 45
1629 67 48
1630 57 31
1631 64 12
1632 71 24
1633 72 18
1634 50 5
1635 96 24
1636 65 10
1637 49 21
1638 12 37
1639 8 32
1640 61 26
1641 59 1
1642 13 38
1643 12 32
1644 98 20
1645 32 32
1646 90 20
1647 35 1
1648 35 11
1649 40 0
1650 71 7
1651 37 28
1652 8 12
1653 35 29
1654 79 4
1655 5 23
1656 25 35
1657 10 18
1658 80 30
1659 73 34
1660 41 6
1661 28 9
1662 12 22
1663 60 9
1664 98 17
1665 40 39
1666 87 38
1667 72 41
1668 26 42
1669 43 23
1670 49 1
1671 16 14
1672 65 48
1673 41 44
1674 23 0
1675 78 42
1676 18 41
1677 41 12
1678 98 29
1679 74 7
1680 82 37
1681 25 23
1682 88 19
1683 90 1
1684 47 20
1685 50 16
1686 57 26
1687 75 7
1688 76 21
1689 83 34
1690 71 47
1691 25 25
1692 26 26
1693 27 3
1694 86 3
1695 58 0
1696 52 41
1697 6 40
1698 50 48
1699 45 26
1700 59 10
1701 48 0
1702 97 17
1703 59 16
1704 0 20
1705 14 22
1706 40 31
1707 34 31
1708 52 36
1709 64 24
1710 73 44
1711 69 41
1712 20 44
1713 49 48
1714 57 33
1715 73 21
1716 79 29
1717 16 4
1718 0 16
1719 28 32
1720 36 14
1721 7 31
1722 68 33
1723 33 3
1724 36 26
1725 85 18
1726 93 34
1727 38 35
1728 43 41
1729 33 27
1730 72 43
1731 1 4
1732 94 14
1733 84 14
1734 33 36
1735 50 38
1736 49 17
1737 61 12
1738 90 37
1739 13 25
1740 8 15
1741 2 40
1742 64 48
1743 19 41
1744 85 28
1745 15 0
1746 22 34
1747 83 18
1748 91 29
1749 13 14
1750 34 14
1751 97 41
1752 60 43
1753 34 45
1754 74 29
1755 65 23
1756 78 8
1757 78 21
1758 7 47
1759 23 41
1760 80 19
1761 58 26
1762 91 32
1763 92 30
1764 46 24
1765 22 36
1766 24 1
1767 57 45
1768 40 0
1769 17 12
1770 62 31
1771 9 26
1772 38 0
1773 7 9
1774 58 21
1775 59 13
1776 82 45
1777 9 41
1778 84 6
1779 91 3
1780 2 15
1781 15 30
1782 73 28
1783 67 38
1784 62 48
1785 86 19
1786 37 22
1787 82 18
1788 87 42
1789 91 40
1790 80 29
1791 68 40
1792 37 5
1793 7 18
1794 29 24
1795 16 11
1796 26 39
1797 6 36
1798 63 24
1799 38 44
1800 78 31
1801 69 0
1802 5 11
1803 39 4
1804 88 6
1805 32 2
1806 24 14
1807 48 15
1808 16 22
1809 69 38
1810 47 47
1811 59 6
1812 39 0
1813 13 11
1814 83 8
1815 80 38
1816 52 39
1817 34 26
1818 19 35
1819 15 8
1820 68 14
1821 38 37
1822 18 13
1823 30 26
1824 45 1
1825 2 16
1826 0 28
1827 4 18
1828 22 45
1829 64 38
1830 40 9
1831 40 41
1832 80 41
1833 27 1
1834 13 43
1835 34 27
1836 95 11
1837 25 20
1838 12 2
1839 13 20
1840 32 41
1841 74 20
1842 80 21
1843 91 39
1844 5 45
1845 6 11
1846 17 22
1847 34 43
1848 7 48
1849 73 1
1850 63 12
1851 73 3
1852 33 30
1853 11 30
1854 90 21
1855 38 42
1856 71 24
1857 34 22
1858 94 19
1859 88 21
1860 68 4
1861 1 13
1862 91 45
1863 61 1
1864 10 20
1865 48 35
1866 91 48
1867 83 22
1868 80 40
1869 64 6
1870 20 17
1871 59 16
1872 69 37
1873 94 35
1874 0 36
1875 55 46
1876 19 4
1877 5 29
1878 64 33
1879 90 42
1880 76 47
1881 80 44
1882 74 9
1883 43 33
1884 81 3
1885 59 25
1886 0 9
1887 60 13
1888 2 48
1889 32 47
1890 52 4
1891 61 14
1892 64 34
1893 6 26
1894 50 32
1895 22 23
1896 38 31
1897 88 30
1898 87 14
1899 77 31
1900 91 32
1901 31 10
1902 63 31
1903 35 9
1904 31 10
1905 5 29
1906 17 33
1907 73 44
1908 98 8
1909 76 36
1910 49 3
1911 86 27
1912 69 8
1913 33 47
1914 24 23
1915 7 0
1916 37 33
1917 12 1
1918 40 15
1919 31 48
1920 91 41
1921 28 33
1922 91 36
1923 87 25
1924 86 0
1925 90 23
1926 27 46
1927 27 29
1928 20 20
1929 31 40
1930 23 11
1931 31 4
1932 8 22
1933 96 43
1934 45 5
1935 19 19
1936 15 5
1937 45 40
1938 6 42
1939 3 3
1940 52 43
1941 20 31
1942 88 18
1943 78 23
1944 45 4
1945 30 24
1946 68 16
1947 44 36
1948 41 11
1949 59 15
1950 29 43
1951 57 7
1952 97 11
1953 79 32
1954 53 8
1955 70 36
1956 45 15
1957 46 3
1958 22 33
1959 93 38
1960 66 48
1961 45 46
1962 45 5
1963 91 39
1964 12 45
1965 57 10
1966 86 9
1967 50 34
1968 66 14
1969 31 21
1970 49 13
1971 22 40
1972 4 23
1973 20 40
1974 20 33
1975 57 28
1976 70 16
1977 45 17
1978 53 33
1979 85 36
1980 10 27
1981 73 33
1982 32 21
1983 26 30
1984 29 14
1985 51 7
1986 17 32
1987 51 46
1988 97 41
1989 33 41
1990 41 14
1991 97 26
1992 66 9
1993 52 46
1994 84 14
1995 22 10
1996 21 45
1997 10 48
1998 23 39
1999 19 16
2000 55 31
2001 16 36
2002 58 7
2003 6 33
2004 75 26
2005 87 32
2006 32 26
2007 15 41
2008 56 11
2009 22 37
2010 83 42
2011 45 44
2012 27 25
2013 57 34
2014 43 20
2015 55 20
2016 17 6
2017 62 4
2018 12 28
2019 82 18
2020 58 14
2021 56 19
2022 50 9
2023 6 16
2024 42 28
2025 26 27
2026 62 36
2027 10 15
2028 83 9
2029 79 4
2030 79 6
2031 24 39
2032 41 15
2033 81 30
2034 88 21
2035 70 35
2036 72 21
2037 37 30
2038 1 27
2039 74 46
2040 70 35
2041 68 39
2042 49 34
2043 96 44
2044 6 17
2045 6 44
2046 69 17
2047 40 13
2048 85 44
2049 92 46
2050 36 15
2051 85 17
2052 15 45
2053 42 39
2054 46 37
2055 14 7
2056 96 43
2057 31 6
2058 94 16
2059 81 30
2060 78 31
2061 35 42
2062 95 0
2063 63 16
2064 24 9
2065 69 0
2066 24 26
2067 29 5
2068 38 43
2069 53 30
2070 43 30
2071 31 46
2072 92 14
2073 27 7
2074 41 7
2075 70 19
2076 65 7
2077 43 27
2078 61 16
2079 64 0
2080 39 33
2081 1 1
2082 76 3
2083 83 30
2084 28 16
2085 93 26
2086 1 33
2087 91 37
2088 74 6
2089 11 37
2090 18 6
2091 73 14
2092 44 36
2093 47 27
2094 9 8
2095 90 16
2096 18 34
2097 26 18
2098 76 23
2099 25 20
2100 57 39
2101 30 27
2102 12 32
2103 50 10
2104 53 17
2105 75 18
2106 84 18
2107 13 31
2108 76 31
2109 65 11
2110 5 2
2111 59 18
2112 78 18
2113 71 18
2114 77 27
2115 50 28
2116 75 12
2117 2 14
2118 43 22
2119 2 33
2120 68 21
2121 67 47
2122 1 32
2123 66 44
2124 40 3
2125 86 25
2126 81 42
2127 20 13
2128 51 41
2129 26 41
2130 75 15
2131 53 34
2132 92 13
2133 79 32
2134 19 14
2135 64 26
2136 62 25
2137 84 5
2138 57 14
2139 88 10
2140 82 36
2141 60 28
2142 29 4
2143 29 43
2144 39 26
2145 46 36
2146 5 39
2147 32 9
2148 3 13
2149 21 14
2150 31 7
2151 48 41
2152 75 39
2153 0 47
2154 63 11
2155 20 18
2156 38 22
2157 27 41
2158 82 15
2159 89 33
2160 98 45
2161 85 28
2162 23 45
2163 44 16
2164 47 29
2165 63 18
2166 11 45
2167 55 0
2168 21 10
2169 51 40
2170 82 32
2171 17 20
2172 60 29
2173 46 41
2174 63 9
2175 57 47
2176 76 27
2177 5 20
2178 97 25
2179 15 43
2180 9 28
2181 2 20
2182 55 13
2183 37 19
2184 68 44
2185 81 48
2186 45 0
2187 80 39
2188 60 43
2189 46 42
2190 16 48
2191 57 35
2192 90 48
2193 41 14
2194 78 18
2195 5 22
2196 71 24
2197 64 22
2198 75 48
2199 0 42
2200 92 1
2201 12 3
2202 16 34
2203 23 8
2204 27 11
2205 46 33
2206 29 35
2207 30 10
2208 13 38
2209 22 6
2210 10 20
2211 53 11
2212 20 0
2213 49 41
2214 7 33
2215 26 12
2216 2 2
2217 54 22
2218 57 31
2219 95 20
2220 94 33
2221 75 1
2222 93 38
2223 41 21
2224 33 15
2225 81 36
2226 56 19
2227 83 36
2228 66 8
2229 10 38
2230 63 46
2231 25 15
2232 13 5
2233 79 25
2234 69 40
2235 59 29
2236 98 30
2237 2 22
2238 67 25
2239 91 44
2240 60 22
2241 83 13
2242 68 44
2243 85 11
2244 26 13
2245 22 19
2246 81 6
2247 27 27
2248 22 34
2249 33 44
2250 41 25
2251 27 6
2252 27 37
2253 66 39
2254 76 46
2255 93 0
2256 1 7
2257 83 37
2258 78 21
2259 30 40
2260 98 44
2261 74 38
2262 95 36
2263 18 15
2264 92 37
2265 52 8
2266 59 45
2267 73 32
2268 45 18
2269 61 41
2270 56 29
2271 24 40
2272 6 44
2273 97 26
2274 12 6
2275 31 13
2276 94 47
2277 6 3
2278 6 10
2279 24 33
2280 88 7
2281 60 13
2282 83 38
2283 29 21
2284 66 43
2285 67 38
2286 28 36
2287 77 12
2288 29 43
2289 75 6
2290 44 24
2291 51 14
2292 41 37
2293 63 20
2294 60 31
2295 74 41
2296 38 31
2297 76 47
2298 28 25
2299 28 27
2300 44 0
2301 96 6
2302 51 11
2303 71 6
2304 97 27
2305 78 20
2306 58 34
2307 52 7
2308 16 20
2309 77 33
2310 54 38
2311 51 31
2312 24 20
2313 22 48
2314 74 37
2315 82 7
2316 8 20
2317 66 12
2318 50 37
2319 70 43
2320 86 38
2321 28 16
2322 33 4
2323 71 5
2324 62 37
2325 21 18
2326 81 37
2327 71 34
2328 76 16
2329 74 12
2330 84 25
2331 90 12
2332 30 1
2333 70 5
2334 4 2
2335 68 31
2336 51 14
2337 80 4
2338 27 15
2339 21 36
2340 95 16
2341 55 21
2342 27 15
2343 57 15
2344 86 17
2345 91 42
2346 17 28
2347 90 31
2348 54 25
2349 83 24
2350 40 18
2351 55 47
2352 25 18
2353 58 0
2354 22 46
2355 16 24
2356 15 47
2357 80 5
2358 12 22
2359 26 32
2360 15 28
2361 11 39
2362 48 18
2363 40 47
2364 71 3
2365 11 9
2366 19 26
2367 71 10
2368 90 11
2369 37 19
2370 62 43
2371 51 41
2372 7 23
2373 10 31
2374 93 34
2375 88 27
2376 65 47
2377 77 44
2378 62 45
2379 70 43
2380 57 8
2381 13 3
2382 72 34
2383 74 29
2384 6 31
2385 93 32
2386 44 25
2387 35 36
2388 70 38
2389 64 36
2390 17 22
2391 13 12
2392 33 27
2393 29 44
2394 14 32
2395 17 26
2396 87 42
2397 95 7
2398 96 39
2399 41 2
2400 1 30
2401 25 12
2402 51 29
2403 48 30
2404 98 6
2405 10 46
2406 2 31
2407 79 35
2408 54 26
2409 35 32
2410 45 16
2411 75 4
2412 11 34
2413 69 24
2414 50 27
2415 95 8
2416 18 46
2417 28 33
2418 3 0
2419 61 46
2420 84 2
2421 68 26
2422 9 40
2423 13 32
2424 60 1
2425 32 21
2426 48 0
2427 61 39
2428 68 36
2429 27 41
2430 85 9
2431 5 20
2432 92 2
2433 12 23
2434 10 29
2435 84 15
2436 52 31
2437 34 33
2438 47 40
2439 58 14
2440 69 30
2441 94 38
2442 23 22
2443 89 29
2444 70 36
2445 5 40
2446 4 35
2447 47 37
2448 76 29
2449 43 3
2450 79 35
2451 23 44
2452 4 31
2453 18 18
2454 37 38
2455 98 15
2456 36 4
2457 13 25
2458 20 29
2459 49 25
2460 23 35
2461 37 5
2462 50 33
2463 28 45
2464 34 40
2465 48 33
2466 38 15
2467 89 32
2468 86 28
2469 72 36
2470 8 38
2471 30 22
2472 50 0
2473 19 20
2474 74 34
2475 5 39
2476 94 26
2477 80 3
2478 10 7
2479 70 30
2480 51 17
2481 27 9
2482 91 30
2483 86 7
2484 46 20
2485 70 27
2486 37 25
2487 24 25
2488 82 7
2489 32 4
2490 92 6
2491 65 2
2492 56 41
2493 31 10
2494 42 28
2495 73 9
2496 75 33
2497 57 3
2498 67 35
2499 52 22
2500 67 11
2501 18 10
2502 24 1
2503 54 0
2504 91 38
2505 35 17
2506 26 21
2507 3 1
2508 71 43
2509 60 11
2510 70 31
2511 47 40
2512 85 8
2513 7 3
2514 59 23
2515 18 16
2516 31 11
2517 22 1
2518 83 26
2519 55 44
2520 18 37
2521 56 12
2522 85 32
2523 49 8
2524 55 29
2525 6 39
2526 21 3
2527 55 29
2528 26 36
2529 3 35
2530 20 4
2531 33 1
2532 85 6
2533 96 37
2534 69 29
2535 38 30
2536 5 35
2537 36 35
2538 10 6
2539 23 26
2540 85 23
2541 40 35
2542 44 6
2543 36 15
2544 81 18
2545 34 33
2546 15 25
2547 53 38
2548 47 19
2549 43 27
2550 28 30
2551 10 46
2552 74 24
2553 79 30
2554 11 10
2555 8 23
2556 83 36
2557 58 4
2558 52 22
2559 82 27
2560 88 20
2561 89 0
2562 96 7
2563 51 22
2564 22 17
2565 68 7
2566 85 26
2567 94 21
2568 43 19
2569 79 12
2570 87 26
2571 35 36
2572 30 30
2573 90 5
2574 66 19
2575 85 46
2576 40 38
2577 97 31
2578 19 28
2579 69 2
2580 57 13
2581 24 28
2582 66 42
2583 34 37
2584 42 17
2585 39 30
2586 77 0
2587 27 18
2588 48 42
2589 13 38
2590 32 11
2591 24 3
2592 36 14
2593 36 29
2594 85 21
2595 92 15
2596 79 1
2597 24 6
2598 22 21
2599 24 45
2600 38 32
2601 81 44
2602 21 31
2603 63 16
2604 80 10
2605 7 41
2606 51 20
2607 51 32
2608 98 9
2609 83 48
2610 4 6
2611 39 28
2612 44 16
2613 91 1
2614 15 23
2615 12 16
2616 40 24
2617 33 16
2618 63 15
2619 80 20
2620 98 14
2621 35 30
2622 42 29
2623 5 7
2624 77 25
2625 35 1
2626 36 15
2627 95 21
2628 25 13
2629 21 38
2630 66 47
2631 98 23
2632 94 8
2633 21 2
2634 42 13
2635 27 14
2636 77 21
2637 73 30
2638 62 33
2639 18 26
2640 45 25
2641 25 27
2642 81 28
2643 46 45
2644 35 43
2645 92 25
2646 42 3
2647 10 17
2648 90 11
2649 24 37
2650 54 43
2651 85 40
2652 21 20
2653 1 25
2654 47 10
2655 53 18
2656 26 23
2657 94 43
2658 30 4
2659 13 45
2660 45 15
2661 34 24
2662 43 10
2663 79 22
2664 64 12
2665 56 36
2666 5 0
2667 57 24
2668 26 34
2669 65 18
2670 81 36
2671 82 45
2672 55 36
2673 63 20
2674 35 43
2675 75 11
2676 75 25
2677 21 32
2678 48 8
2679 54 12
2680 59 21
2681 40 36
2682 78 30
2683 41 20
2684 66 30
2685 21 4
2686 47 8
2687 10 26
2688 27 9
2689 41 21
2690 31 42
2691 89 40
2692 96 43
2693 40 39
2694 42 33
2695 36 10
2696 68 4
2697 65 9
2698 56 3
2699 98 34
2700 91 7
2701 41 12
2702 16 16
2703 3 9
2704 77 4
2705 74 12
2706 25 1
2707 76 27
2708 52 30
2709 12 19
2710 53 19
2711 24 28
2712 80 45
2713 48 7
2714 52 21
2715 56 0
2716 94 35
2717 9 21
2718 83 29
2719 36 36
2720 3 10
2721 93 14
2722 16 14
2723 35 12
2724 81 36
2725 39 24
2726 2 9
2727 23 7
2728 21 15
2729 30 33
2730 60 18
2731 26 37
2732 12 23
2733 50 41
2734 42 8
2735 62 30
2736 22 43
2737 77 0
2738 76 29
2739 39 45
2740 61 47
2741 3 8
2742 48 13
2743 37 33
2744 10 33
2745 35 19
2746 90 9
2747 61 8
2748 31 16
2749 55 36
2750 66 21
2751 91 47
2752 6 32
2753 44 39
2754 91 2
2755 88 2
2756 33 17
2757 96 36
2758 54 20
2759 98 21
2760 11 46
2761 87 46
2762 16 45
2763 80 21
2764 78 8
2765 48 2
2766 73 15
2767 21 11
2768 11 43
2769 81 20
2770 11 15
2771 8 38
2772 72 45
2773 42 13
2774 17 38
2775 49 1
2776 70 47
2777 54 20
2778 89 15
2779 82 10
2780 93 10
2781 70 34
2782 38 40
2783 83 4
2784 38 16
2785 36 36
2786 83 16
2787 8 39
2788 3 48
2789 9 24
2790 68 22
2791 35 17
2792 54 45
2793 7 33
2794 90 45
2795 91 7
2796 91 17
2797 79 15
2798 39 31
2799 30 7
2800 98 43
2801 27 47
2802 48 11
2803 88 24
2804 33 35
2805 93 0
2806 95 29
2807 31 32
2808 41 17
2809 70 35
2810 38 2
2811 62 11
2812 25 6
2813 2 10
2814 24 14
2815 88 1
2816 46 13
2817 39 17
2818 69 29
2819 23 34
2820 66 23
2821 82 0
2822 6 4
2823 96 40
2824 7 10
2825 50 30
2826 88 41
2827 26 11
2828 68 17
2829 21 41
2830 92 5
2831 47 3
2832 80 47
2833 52 1
2834 43 39
2835 59 34
2836 32 1
2837 33 41
2838 64 6
2839 8 24
2840 88 24
2841 22 8
2842 97 29
2843 6 36
2844 76 17
2845 9 42
2846 34 18
2847 64 35
2848 23 34
2849 16 26
2850 64 47
2851 80 18
2852 3 1
2853 16 27
2854 58 2
2855 23 24
2856 38 41
2857 66 21
2858 41 42
2859 56 6
2860 49 38
2861 49 4
2862 68 10
2863 65 9
2864 86 42
2865 94 16
2866 88 13
2867 64 36
2868 59 30
2869 18 32
2870 37 47
2871 17 33
2872 14 41
2873 55 43
2874 97 25
2875 98 26
2876 48 0
2877 55 24
2878 33 33
2879 66 4
2880 74 39
2881 29 6
2882 32 0
2883 85 16
2884 1 41
2885 10 36
2886 8 4
2887 46 38
2888 55 39
2889 4 18
2890 87 34
2891 95 1
2892 54 14
2893 53 7
2894 80 0
2895 81 14
2896 28 26
2897 87 20
2898 42 46
2899 86 1
2900 28 17
2901 84 17
2902 4 5
2903 34 17
2904 11 26
2905 22 30
2906 13 32
2907 41 8
2908 85 23
2909 63 32
2910 39 5
2911 27 7
2912 19 7
2913 96 22
2914 21 34
2915 37 45
2916 38 47
2917 28 24
2918 40 16
2919 24 43
2920 67 6
2921 15 37
2922 71 27
2923 26 33
2924 2 18
2925 6 11
2926 97 31
2927 48 19
2928 10 36
2929 80 24
2930 31 10
2931 24 12
2932 44 36
2933 61 7
2934 96 40
2935 51 47
2936 71 39
2937 80 21
2938 84 38
2939 14 29
2940 27 11
2941 2 29
2942 3 15
2943 21 42
2944 69 34
2945 54 41
2946 71 11
2947 35 28
2948 23 43
2949 21 48
2950 94 10
2951 71 47
2952 49 39
2953 81 26
2954 97 16
2955 45 8
2956 12 6
2957 5 42
2958 84 10
2959 62 12
2960 68 10
2961 97 37
2962 67 21
2963 15 21
2964 63 27
2965 57 31
2966 95 1
2967 95 44
2968 33 28
2969 44 17
2970 2 32
2971 81 1
2972 70 12
2973 97 28
2974 94 38
2975 58 0
2976 77 24
2977 49 6
2978 93 42
2979 4 11
2980 12 3
2981 54 28
2982 83 45
2983 52 21
2984 37 39
2985 64 6
2986 68 38
2987 53 37
2988 79 41
2989 58 34
2990 93 19
2991 25 21
2992 16 23
2993 54 22
2994 65 40
2995 72 37
2996 68 18
2997 7 19
2998 32 35
2999 61 21
3000 18 12
3001 35 27
3002 96 25
3003 17 39
3004 97 15
3005 29 44
3006 58 29
3007 23 44
3008 33 18
3009 66 40
3010 18 33
3011 48 43
3012 31 47
3013 40 46
3014 49 41
3015 12 14
3016 21 46
3017 25 39
3018 70 18
3019 6 19
3020 34 28
3021 89 47
3022 77 10
3023 50 5
3024 66 27
3025 12 32
3026 45 1
3027 6 1
3028 35 14
3029 72 44
3030 18 8
3031 58 42
3032 19 4
3033 71 37
3034 72 32
3035 75 32
3036 87 7
3037 82 19
3038 62 9
3039 94 27
3040 25 37
3041 77 17
3042 40 20
3043 78 37
3044 86 48
3045 64 7
3046 51 45
3047 36 1
3048 59 6
3049 70 21
3050 42 25
3051 52 31
3052 32 1
3053 26 30
3054 38 9
3055 8 16
3056 30 17
3057 16 12
3058 85 18
3059 74 36
3060 16 7
3061 19 7
3062 38 16
3063 41 9
3064 50 33
3065 57 23
3066 46 45
3067 12 44
3068 39 38
3069 55 36
3070 21 4
3071 75 4
3072 13 47
3073 98 13
3074 91 11
3075 91 34
3076 45 27
3077 55 19
3078 75 27
3079 23 3
3080 7 46
3081 18 32
3082 77 17
3083 84 26
3084 32 16
3085 60 9
3086 65 10
3087 56 19
3088 39 11
3089 63 28
3090 24 42
3091 57 44
3092 96 8
3093 60 16
3094 83 5
3095 23 48
3096 41 25
3097 11 37
3098 84 48
3099 22 2
3100 7 28
3101 44 16
3102 18 5
3103 7 38
3104 71 44
3105 42 32
3106 51 38
3107 10 6
3108 79 35
3109 4 39
3110 5 32
3111 28 43
3112 77 43
3113 14 17
3114 59 16
3115 72 42
3116 20 38
3117 91 35
3118 43 43
3119 50 39
3120 87 25
3121 79 11
3122 32 5
3123 82 47
3124 36 21
3125 50 36
3126 72 14
3127 96 6
3128 42 37
3129 20 35
3130 57 19
3131 96 5
3132 4 42
3133 77 34
3134 34 26
3135 40 43
3136 79 25
3137 53 32
3138 13 30
3139 98 33
3140 92 38
3141 77 41
3142 35 2
3143 7 35
3144 39 30
3145 28 46
3146 83 8
3147 13 45
3148 4 30
3149 42 23
3150 36 41
3151 77 16
3152 5 37
3153 29 11
3154 20 4
3155 21 23
3156 22 36
3157 91 16
3158 31 19
3159 87 20
3160 21 2
3161 58 18
3162 46 2
3163 6 19
3164 25 35
3165 68 47
3166 84 21
3167 80 38
3168 68 18
3169 38 36
3170 47 45
3171 88 7
3172 40 13
3173 10 46
3174 84 44
3175 31 46
3176 83 41
3177 29 10
3178 61 27
3179 74 4
3180 46 40
3181 45 38
3182 95 18
3183 58 42
3184 76 11
3185 89 3
3186 51 36
3187 54 39
3188 26 34
3189 22 34
3190 67 32
3191 24 20
3192 90 26
3193 49 28
3194 73 4
3195 66 32
3196 63 36
3197 17 48
3198 31 22
3199 53 22
3200 37 11
3201 70 16
3202 18 44
3203 24 1
3204 6 15
3205 45 34
3206 93 10
3207 66 33
3208 98 29
3209 74 42
3210 72 47
3211 65 29
3212 34 30
3213 82 2
3214 48 21
3215 46 36
3216 34 4
3217 18 19
3218 15 42
3219 1 10
3220 15 31
3221 79 15
3222 88 13
3223 85 18
3224 0 43
3225 78 18
3226 11 16
3227 74 30
3228 14 15
3229 89 40
3230 87 40
3231 22 12
3232 31 41
3233 37 30
3234 29 32
3235 26 40
3236 54 14
3237 40 18
3238 69 11
3239 20 2
3240 75 16
3241 71 19
3242 41 24
3243 57 21
3244 16 11
3245 27 25
3246 48 15
3247 6 35
3248 71 45
3249 42 40
3250 98 41
3251 61 22
3252 59 5
3253 76 10
3254 50 7
3255 5 27
3256 87 44
3257 35 17
3258 23 36
3259 21 31
3260 46 0
3261 17 16
3262 49 0
3263 66 36
3264 84 24
3265 37 43
3266 97 20
3267 33 9
3268 64 45
3269 52 28
3270 7 44
3271 97 10
3272 52 29
3273 75 6
3274 77 38
3275 8 40
3276 49 17
3277 6 33
3278 42 39
3279 3 48
3280 35 48
3281 65 14
3282 63 37
3283 85 23
3284 92 18
3285 42 7
3286 48 46
3287 8 34
3288 16 19
3289 20 30
3290 11 40
3291 12 24
3292 71 25
3293 50 22
3294 74 7
3295 35 30
3296 71 26
3297 14 17
3298 50 41
3299 29 15
3300 90 26
3301 65 25
3302 84 15
3303 22 40
3304 42 33
3305 78 27
3306 47 12
3307 50 19
3308 10 6
3309 82 43
3310 8 28
3311 68 4
3312 15 13
3313 4 4
3314 11 0
3315 87 29
3316 74 27
3317 95 10
3318 96 20
3319 95 36
3320 20 6
3321 56 42
3322 40 27
3323 98 1
3324 96 46
3325 17 45
3326 93 44
3327 53 16
3328 43 17
3329 43 30
3330 48 32
3331 34 24
3332 17 48
3333 72 10
3334 5 30
3335 57 35
3336 27 44
3337 86 7
3338 57 19
3339 42 36
3340 59 9
3341 52 45
3342 82 43
3343 89 28
3344 29 31
3345 66 4
3346 77 37
3347 18 42
3348 77 18
3349 89 31
3350 28 47
3351 19 25
3352 90 7
3353 98 17
3354 75 35
3355 88 7
3356 65 3
3357 83 7
3358 71 19
3359 67 37
3360 92 46
3361 42 40
3362 23 0
3363 20 45
3364 20 40
3365 71 1
3366 97 32
3367 80 30
3368 50 46
3369 66 48
3370 23 10
3371 22 43
3372 29 38
3373 89 44
3374 13 21
3375 57 43
3376 47 2
3377 91 41
3378 56 46
3379 45 31
3380 95 0
3381 66 35
3382 31 13
3383 24 14
3384 55 8
3385 18 25
3386 90 10
3387 28 1
3388 71 48
3389 25 30
3390 57 36
3391 54 2
3392 27 17
3393 0 26
3394 38 17
3395 8 13
3396 12 20
3397 93 2
3398 10 17
3399 57 40
3400 49 3
3401 47 35
3402 47 42
3403 28 48
3404 46 19
3405 40 46
3406 48 24
3407 11 18
3408 30 10
3409 92 2
3410 1 14
3411 15 33
3412 37 18
3413 49 26
3414 55 35
3415 46 28
3416 47 16
3417 38 10
3418 2 5
3419 89 40
3420 67 19
3421 93 7
3422 83 10
3423 52 26
3424 61 45
3425 43 48
3426 97 40
3427 33 32
3428 4 8
3429 90 23
3430 42 27
3431 55 16
3432 15 27
3433 69 44
3434 30 32
3435 92 15
3436 42 5
3437 60 31
3438 71 8
3439 93 48
3440 78 32
3441 55 15
3442 30 25
3443 92 34
3444 43 23
3445 79 7
3446 26 6
3447 31 3
3448 70 4
3449 73 5
3450 67 45
3451 9 17
3452 3 43
3453 70 22
3454 53 20
3455 31 3
3456 97 47
3457 51 19
3458 94 13
3459 44 3
3460 37 13
3461 48 33
3462 9 48
3463 40 38
3464 9 35
3465 88 31
3466 44 21
3467 24 43
3468 79 37
3469 46 24
3470 4 2
3471 60 46
3472 13 13
3473 6 15
3474 57 27
3475 41 2
3476 62 41
3477 11 15
3478 70 6
3479 82 3
3480 45 47
3481 39 37
3482 74 10
3483 18 19
3484 98 43
3485 35 3
3486 81 22
3487 80 19
3488 79 15
3489 27 10
3490 83 32
3491 60 30
3492 9 47
3493 48 5
3494 74 42
3495 45 0
3496 73 16
3497 74 8
3498 1 16
3499 1 15
3500 10 22
3501 47 30
3502 74 22
3503 2 42
3504 16 5
3505 17 7
3506 79 39
3507 72 42
3508 24 47
3509 72 35
3510 66 14
3511 3 35
3512 0 31
3513 22 11
3514 51 21
3515 42 44
3516 15 33
3517 53 28
3518 90 47
3519 54 8
3520 34 42
3521 3 40
3522 18 23
3523 97 19
3524 41 28
3525 49 39
3526 24 15
3527 35 29
3528 96 40
3529 20 2
3530 41 48
3531 69 7
3532 21 33
3533 17 0
3534 78 29
3535 65 45
3536 28 5
3537 16 15
3538 46 40
3539 23 38
3540 65 11
3541 56 35
3542 62 38
3543 43 14
3544 88 16
3545 16 28
3546 26 33
3547 22 5
3548 57 7
3549 86 32
3550 48 36
3551 72 39
3552 12 23
3553 72 6
3554 3 46
3555 65 32
3556 43 35
3557 69 34
3558 47 22
3559 44 36
3560 37 35
3561 61 16
3562 41 42
3563 44 17
3564 54 45
3565 94 28
3566 34 24
3567 72 36
3568 2 31
3569 75 23
3570 73 16
3571 30 39
3572 82 35
3573 95 16
3574 2 4
3575 54 23
3576 84 3
3577 93 26
3578 71 24
3579 89 43
3580 12 20
3581 17 14
3582 44 0
3583 87 8
3584 74 14
3585 26 1
3586 21 11
3587 29 31
3588 74 46
3589 39 32
3590 27 13
3591 3 38
3592 66 15
3593 63 5
3594 23 39
3595 86 42
3596 47 6
3597 29 15
3598 48 47
3599 15 18
3600 1 17
3601 91 8
3602 77 43
3603 81 3
3604 19 25
3605 16 48
3606 77 33
3607 80 14
3608 56 13
3609 91 31
3610 46 29
3611 61 43
3612 27 44
3613 64 34
3614 0 8
3615 23 12
3616 15 28
3617 74 33
3618 81 46
3619 95 42
3620 31 28
3621 80 9
3622 66 44
3623 63 42
3624 80 2
3625 21 34
3626 50 18
3627 58 23
3628 59 8
3629 13 45
3630 43 41
3631 80 9
3632 1 3
3633 17 26
3634 65 11
3635 79 27
3636 19 18
3637 21 25
3638 33 47
3639 9 7
3640 50 38
3641 35 13
3642 31 25
3643 93 5
3644 0 41
3645 63 30
3646 53 2
3647 62 17
3648 85 45
3649 66 37
3650 53 10
3651 7 33
3652 35 36
3653 89 11
3654 14 6
3655 47 11
3656 71 26
3657 49 48
3658 84 36
3659 7 10
3660 36 39
3661 16 33
3662 15 27
3663 17 7
3664 3 8
3665 97 11
3666 18 37
3667 42 7
3668 85 11
3669 11 26
3670 54 22
3671 73 11
3672 84 47
3673 16 42
3674 3 28
3675 81 29
3676 77 37
3677 15 27
3678 77 35
3679 42 11
3680 40 0
3681 55 14
3682 18 25
3683 85 24
3684 41 35
3685 75 19
3686 4 27
3687 63 6
3688 45 34
3689 5 38
3690 30 3
3691 95 27
3692 6 14
3693 94 21
3694 25 25
3695 49 23
3696 36 16
3697 38 2
3698 63 21
3699 41 30
3700 63 3
3701 89 31
3702 18 15
3703 36 23
3704 22 5
3705 49 45
3706 89 21
3707 10 4
3708 62 36
3709 31 34
3710 52 25
3711 32 12
3712 42 16
3713 52 14
3714 30 28
3715 8 34
3716 45 0
3717 12 14
3718 92 24
3719 51 39
3720 24 20
3721 19 33
3722 54 5
3723 45 9
3724 34 19
3725 27 1
3726 88 23
3727 46 20
3728 75 26
3729 67 15
3730 91 21
3731 52 23
3732 61 13
3733 72 18
3734 14 3
3735 64 7
3736 35 22
3737 11 4
3738 1 15
3739 6 8
3740 42 46
3741 89 7
3742 8 36
3743 14 27
3744 94 30
3745 32 18
3746 74 22
3747 59 21
3748 4 11
3749 65 11
3750 85 37
3751 68 28
3752 59 25
3753 73 36
3754 55 1
3755 79 38
3756 42 23
3757 73 19
3758 49 27
3759 65 17
3760 82 46
3761 24 38
3762 39 16
3763 17 10
3764 15 14
3765 16 13
3766 44 23
3767 52 5
3768 35 10
3769 36 15
3770 26 41
3771 64 38
3772 23 48
3773 67 3
3774 82 38
3775 16 42
3776 70 18
3777 2 45
3778 98 30
3779 65 48
3780 48 13
3781 57 37
3782 12 1
3783 5 12
3784 73 17
3785 57 42
3786 71 32
3787 24 15
3788 64 7
3789 31 19
3790 34 4
3791 74 10
3792 28 3
3793 85 22
3794 47 3
3795 6 0
3796 30 8
3797 6 32
3798 94 20
3799 2 32
3800 34 27
3801 64 46
3802 59 1
3803 86 4
3804 61 45
3805 86 19
3806 36 7
3807 71 3
3808 94 2
3809 11 22
3810 5 42
3811 5 44
3812 80 16
3813 52 21
3814 26 2
3815 44 22
3816 85 38
3817 4 2
3818 6 45
3819 32 37
3820 27 2
3821 70 39
3822 56 18
3823 79 18
3824 95 22
3825 70 42
3826 53 42
3827 0 13
3828 38 36
3829 85 47
3830 40 16
3831 64 29
3832 88 2
3833 62 36
3834 45 25
3835 78 31
3836 96 12
3837 49 10
3838 28 22
3839 90 47
3840 68 31
3841 51 11
3842 16 0
3843 48 11
3844 12 4
3845 77 0
3846 55 6
3847 36 15
3848 44 16
3849 72 38
3850 64 10
3851 22 44
3852 42 24
3853 89 45
3854 2 27
3855 9 23
3856 96 35
3857 71 9
3858 69 41
3859 80 14
3860 48 0
3861 48 22
3862 54 18
3863 26 16
3864 23 10
3865 2 26
3866 84 14
3867 39 8
3868 15 4
3869 71 45
3870 2 8
3871 98 21
3872 21 18
3873 18 47
3874 41 43
3875 86 19
3876 40 8
3877 84 44
3878 87 13
3879 16 35
3880 88 6
3881 8 32
3882 86 29
3883 33 28
3884 37 26
3885 84 36
3886 85 6
3887 35 35
3888 30 17
3889 7 33
3890 37 10
3891 75 3
3892 67 39
3893 75 28
3894 26 9
3895 37 17
3896 28 32
3897 78 48
3898 1 24
3899 5 1
3900 95 12
3901 31 36
3902 5 13
3903 80 19
3904 64 22
3905 93 44
3906 35 10
3907 11 36
3908 94 1
3909 87 33
3910 57 9
3911 47 7
3912 68 14
3913 93 26
3914 44 4
3915 86 17
3916 61 21
3917 20 15
3918 88 41
3919 42 12
3920 32 41
3921 96 38
3922 58 28
3923 16 19
3924 46 29
3925 54 3
3926 77 32
3927 52 30
3928 74 9
3929 60 19
3930 78 38
3931 96 6
3932 92 22
3933 41 16
3934 63 11
3935 76 12
3936 4 16
3937 82 31
3938 43 17
3939 35 47
3940 74 18
3941 92 9
3942 64 16
3943 27 22
3944 6 8
3945 39 5
3946 45 37
3947 23 24
3948 66 14
3949 56 25
3950 59 35
3951 2 1
3952 32 42
3953 48 22
3954 67 41
3955 63 37
3956 69 47
3957 25 12
3958 34 25
3959 48 12
3960 28 19
3961 12 34
3962 12 48
3963 69 9
3964 86 34
3965 55 7
3966 0 26
3967 73 15
3968 42 6
3969 35 31
3970 6 1
3971 92 46
3972 3 8
3973 69 33
3974 10 7
3975 51 7
3976 14 16
3977 24 27
3978 96 10
3979 82 18
3980 22 37
3981 18 43
3982 6 37
3983 64 13
3984 36 15
3985 24 25
3986 8 14
3987 64 11
3988 73 9
3989 62 21
3990 54 28
3991 58 35
3992 43 21
3993 40 21
3994 96 27
3995 7 34
3996 35 28
3997 5 21
3998 26 3
3999 62 14
4000 88 33
4001 62 36
4002 73 15
4003 45 1
4004 87 6
4005 92 27
4006 33 24
4007 61 9
4008 63 1
4009 54 44
4010 51 33
4011 57 36
4012 77 40
4013 66 16
4014 30 23
4015 41 12
4016 72 12
4017 80 48
4018 47 47
4019 65 7
4020 92 23
4021 14 9
4022 92 41
4023 46 4
4024 90 0
4025 74 40
4026 23 10
4027 40 27
4028 73 19
4029 87 8
4030 22 41
4031 13 1
4032 15 38
4033 12 41
4034 20 11
4035 18 8
4036 44 19
4037 16 25
4038 52 8
4039 35 20
4040 73 27
4041 80 1
4042 11 42
4043 7 0
4044 91 3
4045 3 3
4046 80 5
4047 1 16
4048 63 21
4049 1 23
4050 52 8
4051 67 22
4052 70 9
4053 61 1
4054 96 21
4055 79 12
4056 14 45
4057 39 13
4058 28 47
4059 46 10
4060 31 35
4061 70 34
4062 84 26
4063 24 28
4064 31 38
4065 38 35
4066 41 14
4067 23 15
4068 44 16
4069 6 13
4070 96 36
4071 24 16
4072 98 35
4073 51 13
4074 72 37
4075 89 47
4076 43 17
4077 53 38
4078 60 0
4079 39 26
4080 38 11
4081 18 29
4082 5 5
4083 26 22
4084 98 20
4085 72 12
4086 50 0
4087 33 38
4088 76 27
4089 34 26
4090 14 18
4091 96 38
4092 40 13
4093 6 28
4094 30 12
4095 5 46
4096 12 10
4097 50 32
4098 36 9
4099 43 21
4100 17 28
4101 95 33
4102 65 8
4103 88 17
4104 94 32
4105 85 37
4106 78 45
4107 69 32
4108 82 26
4109 67 4
4110 62 12
4111 90 15
4112 51 35
4113 53 10
4114 30 3
4115 98 25
4116 27 45
4117 55 18
4118 13 28
4119 32 16
4120 66 27
4121 51 10
4122 10 48
4123 41 0
4124 87 32
4125 88 41
4126 79 12
4127 95 1
4128 36 48
4129 42 32
4130 15 6
4131 58 16
4132 36 41
4133 11 45
4134 70 22
4135 40 31
4136 84 33
4137 40 31
4138 73 27
4139 63 44
4140 53 43
4141 45 1
4142 19 42
4143 54 4
4144 1 17
4145 23 5
4146 21 21
4147 2 15
4148 14 40
4149 28 1
4150 21 22
4151 78 43
4152 71 37
4153 92 0
4154 83 11
4155 18 44
4156 80 46
4157 34 26
4158 45 4
4159 63 5
4160 12 12
4161 9 12
4162 37 47
4163 46 26
4164 75 47
4165 14 18
4166 92 44
4167 67 9
4168 9 2
4169 87 47
4170 66 14
4171 92 43
4172 30 25
4173 89 38
4174 60 5
4175 17 23
4176 72 45
4177 76 28
4178 0 38
4179 48 15
4180 74 22
4181 92 42
4182 20 19
4183 78 12
4184 30 43
4185 57 24
4186 97 32
4187 46 46
4188 32 39
4189 89 7
4190 88 5
4191 81 24
4192 84 41
4193 51 31
4194 36 40
4195 14 10
4196 14 23
4197 67 42
4198 42 42
4199 97 36
4200 35 23
4201 55 39
4202 2 23
4203 83 44
4204 91 23
4205 71 21
4206 54 32
4207 35 10
4208 31 17
4209 63 29
4210 68 12
4211 16 5
4212 65 22
4213 30 26
4214 18 43
4215 20 5
4216 97 35
4217 29 28
4218 26 42
4219 5 38
4220 86 24
4221 93 10
4222 41 32
4223 55 7
4224 54 48
4225 34 26
4226 7 22
4227 71 24
4228 71 45
4229 82 10
4230 70 12
4231 82 43
4232 29 6
4233 41 35
4234 70 29
4235 21 33
4236 80 40
4237 22 3
4238 0 23
4239 42 0
4240 88 30
4241 43 33
4242 92 12
4243 70 41
4244 10 12
4245 40 26
4246 79 15
4247 43 47
4248 89 24
4249 6 44
4250 88 2
4251 77 46
4252 1 48
4253 7 12
4254 67 28
4255 84 41
4256 59 45
4257 32 23
4258 79 12
4259 1 39
4260 67 4
4261 47 29
4262 56 11
4263 51 40
4264 92 48
4265 53 5
4266 97 16
4267 32 29
4268 29 20
4269 51 16
4270 74 0
4271 88 39
4272 82 25
4273 23 21
4274 59 33
4275 8 23
4276 47 1
4277 44 11
4278 43 1
4279 27 25
4280 16 11
4281 30 38
4282 70 4
4283 64 27
4284 59 37
4285 95 7
4286 17 21
4287 13 23
4288 69 10
4289 5 21
4290 2 21
4291 42 9
4292 5 4
4293 45 16
4294 40 10
4295 4 44
4296 27 12
4297 8 13
4298 1 47
4299 44 6
4300 70 16
4301 22 39
4302 89 10
4303 46 12
4304 68 44
4305 56 27
4306 7 5
4307 80 29
4308 48 30
4309 92 12
4310 1 17
4311 12 38
4312 53 32
4313 58 4
4314 47 27
4315 96 21
4316 76 6
4317 96 42
4318 52 16
4319 89 23
4320 96 18
4321 18 42
4322 60 15
4323 10 16
4324 13 1
4325 57 12
4326 91 19
4327 18 26
4328 75 8
4329 54 26
4330 13 29
4331 40 22
4332 5 19
4333 36 18
4334 30 24
4335 37 36
4336 79 19
4337 89 11
4338 83 10
4339 58 17
4340 94 23
4341 46 40
4342 90 17
4343 17 13
4344 59 42
4345 58 20
4346 77 20
4347 42 30
4348 39 34
4349 54 24
4350 65 0
4351 17 26
4352 91 11
4353 15 29
4354 91 23
4355 75 34
4356 40 36
4357 35 32
4358 64 8
4359 57 0
4360 5 6
4361 64 34
4362 57 45
4363 0 19
4364 15 46
4365 49 38
4366 11 36
4367 17 6
4368 88 35
4369 91 28
4370 96 36
4371 26 31
4372 9 13
4373 57 40
4374 35 44
4375 94 38
4376 37 30
4377 9 31
4378 72 11
4379 27 46
4380 44 17
4381 84 33
4382 4 20
4383 51 29
4384 31 28
4385 86 8
4386 88 23
4387 88 15
4388 40 38
4389 52 42
4390 53 0
4391 94 38
4392 55 35
4393 64 27
4394 10 15
4395 53 22
4396 19 27
4397 2 24
4398 50 33
4399 72 10
4400 53 29
4401 82 14
4402 27 3
4403 78 40
4404 80 27
4405 34 23
4406 40 9
4407 77 5
4408 82 46
4409 76 3
4410 44 30
4411 79 14
4412 28 44
4413 57 26
4414 69 27
4415 6 21
4416 90 47
4417 19 41
4418 48 40
4419 11 0
4420 43 19
4421 0 25
4422 29 8
4423 80 45
4424 41 30
4425 34 40
4426 45 27
4427 2 18
4428 2 35
4429 21 43
4430 80 3
4431 32 16
4432 48 17
4433 71 8
4434 42 44
4435 55 48
4436 8 44
4437 57 40
4438 81 16
4439 53 45
4440 42 23
4441 82 27
4442 93 3
4443 67 39
4444 77 45
4445 37 26
4446 91 17
4447 16 29
4448 13 43
4449 35 48
4450 35 13
4451 35 18
4452 83 41
4453 4 7
4454 52 17
4455 63 31
4456 17 28
4457 47 3
4458 7 17
4459 48 10
4460 81 43
4461 46 31
4462 9 9
4463 69 0
4464 76 13
4465 36 37
4466 26 43
4467 11 7
4468 14 7
4469 67 40
4470 18 44
4471 50 6
4472 39 18
4473 34 21
4474 54 18
4475 19 27
4476 75 44
4477 65 48
4478 63 10
4479 5 47
4480 74 41
4481 76 24
4482 59 31
4483 39 47
4484 83 35
4485 25 28
4486 36 45
4487 62 15
4488 0 15
4489 40 16
4490 24 42
4491 25 26
4492 71 4
4493 30 37
4494 57 16
4495 64 18
4496 92 7
4497 9 6
4498 18 11
4499 95 0
4500 74 22
4501 50 32
4502 18 40
4503 60 46
4504 69 43
4505 68 30
4506 12 46
4507 25 8
4508 0 39
4509 52 35
4510 45 0
4511 34 1
4512 91 30
4513 0 19
4514 83 17
4515 23 40
4516 1 29
4517 74 34
4518 74 48
4519 19 5
4520 60 26
4521 62 3
4522 84 29
4523 27 7
4524 35 3
4525 50 18
4526 81 40
4527 69 25
4528 84 34
4529 83 3
4530 94 19
4531 10 42
4532 92 10
4533 67 6
4534 10 13
4535 53 26
4536 42 1
4537 71 12
4538 70 33
4539 59 16
4540 93 20
4541 16 5
4542 67 9
4543 7 35
4544 88 43
4545 67 32
4546 43 18
4547 96 15
4548 47 21
4549 21 3
4550 56 8
4551 7 41
4552 47 14
4553 81 35
4554 47 20
4555 80 35
4556 78 46
4557 37 6
4558 97 28
4559 53 6
4560 95 25
4561 29 14
4562 20 43
4563 6 21
4564 50 34
4565 28 41
4566 48 45
4567 31 20
4568 47 32
4569 80 0
4570 44 43
4571 15 14
4572 52 12
4573 49 34
4574 46 36
4575 73 14
4576 88 46
4577 82 20
4578 10 12
4579 55 41
4580 3 5
4581 8 19
4582 87 30
4583 57 2
4584 18 12
4585 81 43
4586 75 15
4587 13 2
4588 2 7
4589 17 32
4590 33 19
4591 28 1
4592 15 0
4593 85 27
4594 24 28
4595 49 8
4596 56 4
4597 11 33
4598 93 43
4599 66 1
4600 6 13
4601 11 14
4602 40 41
4603 50 9
4604 97 1
4605 63 22
4606 60 34
4607 52 19
4608 42 25
4609 33 1
4610 88 7
4611 93 40
4612 53 48
4613 72 21
4614 39 24
4615 97 12
4616 25 10
4617 42 23
4618 19 0
4619 13 37
4620 88 14
4621 54 2
4622 1 33
4623 2 40
4624 10 5
4625 94 44
4626 9 3
4627 16 7
4628 44 43
4629 88 34
4630 53 45
4631 82 33
4632 67 43
4633 77 35
4634 88 20
4635 56 33
4636 54 16
4637 40 15
4638 61 42
4639 81 44
4640 34 33
4641 75 24
4642 38 44
4643 60 19
4644 66 39
4645 7 20
4646 3 43
4647 68 29
4648 33 1
4649 66 36
4650 34 34
4651 42 43
4652 70 43
4653 39 7
4654 44 34
4655 78 5
4656 97 47
4657 27 13
4658 49 15
4659 38 31
4660 58 2
4661 55 29
4662 47 46
4663 77 34
4664 74 42
4665 9 10
4666 38 12
4667 93 45
4668 60 3
4669 13 23
4670 38 17
4671 96 18
4672 83 12
4673 51 5
4674 76 45
4675 57 5
4676 68 9
4677 81 4
4678 22 12
4679 97 0
4680 19 0
4681 70 47
4682 87 26
4683 39 20
4684 35 0
4685 84 4
4686 95 7
4687 21 43
4688 56 9
4689 91 10
4690 0 23
4691 17 22
4692 48 25
4693 64 25
4694 4 6
4695 26 29
4696 32 34
4697 59 46
4698 26 37
4699 44 41
4700 85 44
4701 37 20
4702 62 1
4703 18 42
4704 82 20
4705 28 39
4706 72 23
4707 9 14
4708 30 46
4709 70 4
4710 89 24
4711 91 33
4712 32 14
4713 36 25
4714 0 21
4715 85 19
4716 2 36
4717 39 46
4718 10 12
4719 50 36
4720 95 21
4721 42 42
4722 54 33
4723 84 26
4724 94 17
4725 85 1
4726 40 42
4727 4 20
4728 72 38
4729 52 40
4730 73 3
4731 94 8
4732 13 42
4733 64 42
4734 65 28
4735 21 0
4736 44 32
4737 22 19
4738 51 37
4739 46 39
4740 71 28
4741 49 23
4742 61 3
4743 40 38
4744 62 40
4745 81 14
4746 29 4
4747 36 17
4748 30 13
4749 95 46
4750 33 44
4751 8 40
4752 68 20
4753 94 10
4754 59 30
4755 40 8
4756 30 9
4757 71 5
4758 49 18
4759 24 6
4760 70 23
4761 77 35
4762 66 29
4763 97 17
4764 70 2
4765 51 36
4766 10 27
4767 34 28
4768 53 22
4769 17 40
4770 43 11
4771 85 32
4772 43 36
4773 64 2
4774 0 36
4775 31 48
4776 10 43
4777 61 14
4778 38 0
4779 62 23
4780 85 5
4781 51 45
4782 50 26
4783 9 37
4784 59 1
4785 41 35
4786 36 48
4787 8 25
4788 13 34
4789 40 14
4790 86 39
4791 66 40
4792 80 23
4793 34 47
4794 26 19
4795 62 1
4796 60 27
4797 18 18
4798 94 41
4799 33 46
4800 62 16
4801 57 10
4802 66 4
4803 7 26
4804 84 13
4805 95 23
4806 87 42
4807 70 48
4808 19 1
4809 55 3
4810 0 17
4811 67 17
4812 48 46
4813 24 16
4814 61 45
4815 41 33
4816 57 32
4817 98 40
4818 92 15
4819 2 12
4820 0 20
4821 9 16
4822 48 10
4823 57 25
4824 24 46
4825 87 19
4826 87 29
4827 79 12
4828 79 45
4829 54 16
4830 66 26
4831 69 3
4832 50 22
4833 89 7
4834 57 23
4835 16 18
4836 24 12
4837 5 16
4838 71 32
4839 1 48
4840 86 17
4841 60 26
4842 65 43
4843 10 37
4844 36 8
4845 63 22
4846 73 2
4847 80 27
4848 73 17
4849 53 21
4850 49 38
4851 93 47
4852 92 1
4853 88 30
4854 72 2
4855 52 7
4856 7 46
4857 20 30
4858 46 31
4859 64 14
4860 14 39
4861 48 22
4862 71 13
4863 58 2
4864 20 33
4865 72 24
4866 1 33
4867 52 34
4868 56 40
4869 58 46
4870 85 16
4871 1 36
4872 58 5
4873 2 2
4874 35 24
4875 92 10
4876 39 45
4877 38 46
4878 44 15
4879 8 9
4880 37 31
4881 35 2
4882 2 25
4883 98 35
4884 28 23
4885 59 4
4886 31 34
4887 54 39
4888 23 47
4889 78 43
4890 62 43
4891 71 6
4892 42 48
4893 6 11
4894 89 47
4895 4 43
4896 53 34
4897 4 7
4898 40 37
4899 59 2
4900 25 20
4901 35 9
4902 41 27
4903 38 40
4904 40 10
4905 8 3
4906 15 22
4907 69 2
4908 50 14
4909 83 17
4910 33 25
4911 64 39
4912 57 21
4913 40 20
4914 75 48
4915 47 35
4916 8 11
4917 16 29
4918 94 24
4919 23 26
4920 20 34
4921 1 24
4922 86 19
4923 45 14
4924 19 15
4925 17 38
4926 50 27
4927 36 22
4928 29 16
4929 76 37
4930 96 39
4931 6 48
4932 79 12
4933 81 40
4934 68 16
4935 6 23
4936 5 0
4937 71 8
4938 85 0
4939 62 41
4940 27 33
4941 74 36
4942 66 10
4943 59 3
4944 90 23
4945 35 30
4946 72 5
4947 75 17
4948 5 30
4949 30 35
4950 62 30
4951 26 35
4952 50 0
4953 79 23
4954 65 22
4955 68 32
4956 10 44
4957 97 43
4958 26 36
4959 44 19
4960 38 9
4961 37 37
4962 74 35
4963 9 34
4964 45 0
4965 96 36
4966 26 31
4967 19 5
4968 20 6
4969 95 48
4970 66 8
4971 59 0
4972 28 9
4973 67 16
4974 59 5
4975 31 6
4976 63 27
4977 52 14
4978 48 41
4979 5 43
4980 46 30
4981 42 21
4982 26 37
4983 44 24
4984 66 8
4985 46 5
4986 38 19
4987 46 0
4988 80 10
4989 3 48
4990 25 38
4991 70 6
4992 88 19
4993 83 12
4994 40 42
4995 89 36
4996 85 3
4997 22 41
4998 92 11
4999 72 33
5000 84 26
5001 61 39
5002 92 5
5003 26 42
5004 77 7
5005 35 20
5006 74 11
5007 70 17
5008 15 31
5009 69 5
5010 98 0
5011 26 43
5012 38 12
5013 4 45
5014 41 46
5015 80 39
5016 48 39
5017 68 33
5018 98 21
5019 73 14
5020 35 9
5021 3 1
5022 0 23
5023 29 3
5024 47 23
5025 3 2
5026 93 31
5027 15 2
5028 22 6
5029 74 11
5030 92 8
5031 6 48
5032 63 12
5033 30 4
5034 51 31
5035 53 27
5036 4 24
5037 81 14
5038 1 22
5039 63 31
5040 97 33
5041 3 28
5042 61 11
5043 33 24
5044 49 33
5045 72 13
5046 50 17
5047 77 7
5048 13 24
5049 76 23
5050 5 5
5051 67 31
5052 53 25
5053 53 24
5054 73 5
5055 6 5
5056 79 33
5057 18 19
5058 35 48
5059 25 14
5060 0 32
5061 22 2
5062 13 38
5063 36 21
5064 22 24
5065 63 29
5066 85 45
5067 25 19
5068 1 15
5069 34 19
5070 78 43
5071 88 37
5072 38 31
5073 60 28
5074 55 48
5075 5 41
5076 52 20
5077 77 19
5078 56 39
5079 34 5
5080 56 26
5081 94 33
5082 32 4
5083 53 14
5084 38 17
5085 60 16
5086 7 39
5087 53 27
5088 31 38
5089 72 6
5090 9 29
5091 12 38
5092 86 6
5093 0 44
5094 55 26
5095 97 30
5096 81 40
5097 92 21
5098 18 47
5099 57 31
5100 23 3
5101 57 10
5102 96 4
5103 24 32
5104 83 45
5105 97 43
5106 49 40
5107 20 27
5108 53 20
5109 1 44
5110 74 41
5111 81 27
5112 93 46
5113 40 2
5114 1 28
5115 64 8
5116 64 43
5117 69 16
5118 59 26
5119 11 4
5120 82 30
5121 3 22
5122 71 6
5123 81 42
5124 75 44
5125 63 24
5126 61 9
5127 57 29
5128 9 34
5129 93 23
5130 8 30
5131 61 6
5132 67 37
5133 41 41
5134 22 30
5135 96 34
5136 44 34
5137 65 42
5138 4 19
5139 8 39
5140 28 47
5141 17 5
5142 55 24
5143 61 44
5144 50 26
5145 5 23
5146 65 45
5147 75 23
5148 78 19
5149 65 9
5150 39 34
5151 47 22
5152 14 44
5153 77 7
5154 26 44
5155 78 37
5156 10 44
5157 98 8
5158 18 47
5159 51 15
5160 95 45
5161 67 10
5162 61 15
5163 42 3
5164 2 15
5165 5 16
5166 12 36
5167 36 33
5168 58 28
5169 24 45
5170 98 26
5171 73 23
5172 14 16
5173 15 35
5174 83 47
5175 15 16
5176 77 8
5177 22 30
5178 91 13
5179 87 41
5180 96 40
5181 88 25
5182 77 48
5183 87 20
5184 63 19
5185 65 29
5186 43 30
5187 13 44
5188 26 20
5189 16 13
5190 2 35
5191 31 44
5192 22 32
5193 34 48
5194 78 11
5195 34 44
5196 58 44
5197 39 35
5198 47 18
5199 54 31
5200 94 6
5201 27 10
5202 33 16
5203 76 22
5204 91 44
5205 42 22
5206 41 23
5207 65 2
5208 88 25
5209 84 26
5210 98 35
5211 58 21
5212 93 40
5213 2 38
5214 59 30
5215 65 2
5216 82 48
5217 23 16
5218 17 10
5219 76 29
5220 67 42
5221 38 1
5222 36 27
5223 64 15
5224 7 27
5225 27 22
5226 48 40
5227 91 33
5228 2 12
5229 54 21
5230 65 32
5231 14 0
5232 61 17
5233 47 22
5234 37 48
5235 29 43
5236 36 23
5237 57 11
5238 45 4
5239 28 22
5240 42 43
5241 24 1
5242 77 11
5243 59 4
5244 26 28
5245 55 5
5246 49 47
5247 16 9
5248 36 40
5249 61 1
5250 77 45
5251 12 48
5252 33 29
5253 1 35
5254 62 32
5255 36 4
5256 78 23
5257 51 7
5258 21 38
5259 51 25
5260 11 48
5261 95 13
5262 72 39
5263 74 18
5264 91 6
5265 70 41
5266 11 33
5267 37 27
5268 84 42
5269 55 6
5270 7 30
5271 78 40
5272 77 12
5273 8 47
5274 80 43
5275 50 44
5276 76 8
5277 56 37
5278 75 5
5279 5 23
5280 52 29
5281 87 14
5282 14 1
5283 78 48
5284 36 7
5285 35 4
5286 55 0
5287 98 30
5288 49 45
5289 11 36
5290 66 15
5291 24 4
5292 70 7
5293 38 35
5294 14 24
5295 56 9
5296 29 39
5297 18 43
5298 35 4
5299 31 18
5300 38 36
5301 81 44
5302 31 30
5303 29 38
5304 40 24
5305 22 44
5306 9 15
5307 27 22
5308 15 24
5309 7 2
5310 70 29
5311 5 32
5312 97 26
5313 74 47
5314 31 11
5315 91 21
5316 62 37
5317 84 34
5318 94 28
5319 18 23
5320 25 22
5321 6 35
5322 67 12
5323 43 26
5324 33 21
5325 40 39
5326 64 42
5327 62 36
5328 71 18
5329 84 38
5330 32 16
5331 66 41
5332 96 37
5333 75 1
5334 65 23
5335 5 31
5336 66 2
5337 45 38
5338 47 19
5339 80 47
5340 76 7
5341 77 16
5342 77 16
5343 36 25
5344 54 41
5345 75 41
5346 29 47
5347 17 0
5348 54 27
5349 63 42
5350 26 28
5351 79 30
5352 65 48
5353 75 14
5354 90 16
5355 32 39
5356 76 29
5357 74 38
5358 24 33
5359 29 1
5360 13 37
5361 28 28
5362 55 1
5363 10 6
5364 73 19
5365 37 12
5366 93 19
5367 44 32
5368 23 19
5369 76 4
5370 11 37
5371 28 36
5372 71 7
5373 1 12
5374 72 1
5375 2 3
5376 56 35
5377 42 14
5378 97 27
5379 15 25
5380 56 25
5381 75 11
5382 56 9
5383 86 10
5384 14 42
5385 28 4
5386 9 37
5387 31 11
5388 97 40
5389 22 38
5390 27 3
5391 2 23
5392 91 16
5393 89 19
5394 34 29
5395 74 44
5396 15 12
5397 47 0
5398 38 9
5399 48 25
5400 89 21
5401 31 30
5402 47 43
5403 27 25
5404 51 13
5405 87 3
5406 19 28
5407 79 27
5408 58 41
5409 22 31
5410 73 24
5411 62 14
5412 79 20
5413 83 13
5414 58 9
5415 37 43
5416 75 45
5417 39 25
5418 16 22
5419 7 41
5420 75 15
5421 10 40
5422 91 29
5423 94 44
5424 26 16
5425 26 44
5426 69 18
5427 76 12
5428 44 18
5429 42 41
5430 74 13
5431 54 4
5432 61 48
5433 9 48
5434 75 13
5435 51 42
5436 24 27
5437 78 0
5438 46 7
5439 10 11
5440 0 4
5441 48 41
5442 54 14
5443 90 23
5444 54 16
5445 38 3
5446 75 12
5447 54 22
5448 30 10
5449 85 24
5450 0 6
5451 0 10
5452 26 3
5453 24 45
5454 49 46
5455 15 32
5456 58 36
5457 55 32
5458 92 9
5459 69 7
5460 70 6
5461 34 31
5462 2 47
5463 92 4
5464 31 32
5465 92 5
5466 74 33
5467 75 25
5468 87 26
5469 95 31
5470 85 43
5471 57 36
5472 15 47
5473 43 42
5474 21 36
5475 85 13
5476 16 36
5477 10 31
5478 90 9
5479 36 40
5480 48 6
5481 67 36
5482 19 27
5483 23 22
5484 61 47
5485 78 39
5486 20 48
5487 77 40
5488 63 10
5489 55 42
5490 4 35
5491 86 22
5492 25 33
5493 40 3
5494 76 44
5495 64 6
5496 72 3
5497 89 25
5498 40 29
5499 25 29
5500 13 13
5501 31 3
5502 8 3
5503 54 19
5504 49 8
5505 21 32
5506 58 9
5507 36 39
5508 96 28
5509 6 32
5510 29 22
5511 81 17
5512 23 13
5513 50 19
5514 48 13
5515 34 40
5516 0 29
5517 67 6
5518 94 22
5519 10 43
5520 44 36
5521 6 6
5522 57 38
5523 11 37
5524 19 20
5525 95 40
5526 72 34
5527 92 16
5528 53 43
5529 65 28
5530 47 9
5531 86 22
5532 96 2
5533 50 8
5534 40 35
5535 24 20
5536 35 9
5537 86 47
5538 38 20
5539 65 29
5540 26 34
5541 89 36
5542 47 6
5543 73 0
5544 92 42
5545 94 26
5546 5 16
5547 1 47
5548 63 39
5549 71 25
5550 41 12
5551 82 10
5552 10 38
5553 60 10
5554 3 10
5555 75 25
5556 55 30
5557 48 9
5558 98 46
5559 5 2
5560 55 36
5561 58 44
5562 80 40
5563 7 35
5564 5 44
5565 59 1
5566 55 16
5567 34 36
5568 74 40
5569 34 15
5570 72 34
5571 33 29
5572 2 42
5573 74 42
5574 27 26
5575 83 37
5576 34 16
5577 9 28
5578 16 40
5579 53 20
5580 57 34
5581 29 33
5582 68 30
5583 21 4
5584 51 45
5585 53 33
5586 69 41
5587 23 33
5588 6 16
5589 55 47
5590 1 33
5591 12 30
5592 74 14
5593 28 48
5594 98 39
5595 69 27
5596 67 11
5597 43 9
5598 1 43
5599 30 25
5600 13 28
5601 35 11
5602 65 26
5603 41 14
5604 56 34
5605 54 41
5606 22 3
5607 78 30
5608 86 36
5609 85 23
5610 9 12
5611 62 22
5612 13 46
5613 21 23
5614 2 39
5615 98 25
5616 54 18
5617 63 42
5618 38 27
5619 17 16
5620 96 30
5621 43 16
5622 59 9
5623 30 43
5624 92 11
5625 94 23
5626 0 40
5627 44 30
5628 63 17
5629 37 8
5630 59 40
5631 77 22
5632 9 43
5633 21 20
5634 75 41
5635 0 46
5636 63 14
5637 91 6
5638 7 7
5639 66 45
5640 79 23
5641 0 15
5642 66 24
5643 67 4
5644 81 2
5645 5 16
5646 57 11
5647 31 20
5648 7 33
5649 16 33
5650 34 3
5651 4 27
5652 5 35
5653 80 1
5654 86 33
5655 78 4
5656 57 46
5657 18 48
5658 69 3
5659 49 22
5660 46 23
5661 3 23
5662 84 40
5663 5 2
5664 33 17
5665 85 35
5666 24 48
5667 19 31
5668 61 43
5669 53 34
5670 20 43
5671 35 2
5672 97 15
5673 85 5
5674 72 26
5675 21 3
5676 57 16
5677 73 47
5678 35 35
5679 61 17
5680 2 43
5681 11 31
5682 74 20
5683 72 14
5684 37 36
5685 47 9
5686 1 16
5687 88 16
5688 63 23
5689 41 13
5690 20 1
5691 28 11
5692 70 15
5693 62 15
5694 7 23
5695 12 44
5696 13 30
5697 86 10
5698 73 7
5699 54 15
5700 80 20
5701 81 16
5702 86 29
5703 63 34
5704 62 5
5705 79 0
5706 54 21
5707 57 21
5708 3 28
5709 1 11
5710 31 13
5711 26 39
5712 2 7
5713 9 14
5714 91 17
5715 58 2
5716 76 0
5717 39 13
5718 72 32
5719 44 32
5720 3 7
5721 79 20
5722 2 33
5723 5 5
5724 86 32
5725 25 35
5726 15 1
5727 14 19
5728 27 40
5729 41 26
5730 30 14
5731 15 26
5732 81 6
5733 32 25
5734 68 14
5735 71 31
5736 70 33
5737 95 14
5738 28 10
5739 22 18
5740 37 47
5741 88 32
5742 17 40
5743 53 2
5744 25 45
5745 89 43
5746 4 16
5747 65 30
5748 78 3
5749 63 37
5750 29 8
5751 94 7
5752 72 2
5753 6 23
5754 63 48
5755 53 34
5756 19 4
5757 6 8
5758 10 19
5759 20 20
5760 54 9
5761 82 27
5762 68 28
5763 75 26
5764 24 8
5765 98 46
5766 68 34
5767 70 28
5768 5 42
5769 74 20
5770 84 8
5771 86 1
5772 53 7
5773 25 47
5774 34 33
5775 68 23
5776 95 25
5777 66 47
5778 43 31
5779 16 10
5780 57 5
5781 86 39
5782 0 45
5783 27 35
5784 28 1
5785 96 23
5786 66 19
5787 2 9
5788 40 19
5789 80 33
5790 91 5
5791 87 13
5792 47 20
5793 94 30
5794 52 33
5795 68 23
5796 44 35
5797 5 11
5798 74 14
5799 31 48
5800 49 35
5801 95 10
5802 96 18
5803 62 9
5804 29 3
5805 21 24
5806 67 14
5807 70 19
5808 42 7
5809 47 14
5810 98 41
5811 41 0
5812 3 19
5813 52 41
5814 14 40
5815 55 16
5816 27 30
5817 12 10
5818 0 14
5819 90 23
5820 69 45
5821 14 40
5822 19 17
5823 9 43
5824 93 15
5825 35 26
5826 4 39
5827 55 29
5828 2 47
5829 98 22
5830 20 32
5831 46 20
5832 67 31
5833 19 40
5834 47 48
5835 49 28
5836 30 14
5837 83 39
5838 83 47
5839 13 42
5840 33 21
5841 19 46
5842 29 1
5843 84 14
5844 31 2
5845 89 2
5846 66 13
5847 21 48
5848 16 2
5849 80 6
5850 54 39
5851 17 40
5852 26 10
5853 52 8
5854 9 14
5855 10 36
5856 77 24
5857 31 4
5858 1 22
5859 15 9
5860 43 27
5861 77 34
5862 55 25
5863 60 21
5864 74 15
5865 29 46
5866 87 43
5867 57 33
5868 66 38
5869 9 31
5870 90 45
5871 75 22
5872 70 30
5873 54 26
5874 63 3
5875 48 13
5876 88 5
5877 74 22
5878 64 29
5879 45 15
5880 92 36
5881 53 18
5882 89 31
5883 58 10
5884 79 29
5885 12 6
5886 70 46
5887 4 31
5888 0 29
5889 24 16
5890 90 34
5891 14 9
5892 10 35
5893 68 7
5894 40 5
5895 94 22
5896 16 32
5897 94 14
5898 88 3
5899 5 33
5900 22 18
5901 64 27
5902 15 20
5903 75 32
5904 66 27
5905 7 5
5906 31 26
5907 64 17
5908 19 39
5909 3 13
5910 98 19
5911 26 45
5912 21 46
5913 55 12
5914 70 15
5915 30 23
5916 15 34
5917 7 2
5918 15 36
5919 77 44
5920 92 3
5921 67 24
5922 87 6
5923 77 34
5924 80 43
5925 6 46
5926 25 19
5927 40 25
5928 3 1
5929 18 27
5930 52 11
5931 60 9
5932 17 28
5933 83 20
5934 19 40
5935 92 4
5936 96 42
5937 36 29
5938 45 6
5939 87 14
5940 81 36
5941 82 12
5942 83 7
5943 57 3
5944 79 18
5945 55 26
5946 20 3
5947 56 24
5948 2 14
5949 11 3
5950 62 16
5951 88 9
5952 57 45
5953 30 43
5954 89 33
5955 49 0
5956 32 41
5957 4 6
5958 49 28
5959 26 10
5960 84 14
5961 32 26
5962 51 26
5963 11 37
5964 3 1
5965 23 11
5966 2 39
5967 21 26
5968 86 37
5969 21 24
5970 40 6
5971 66 22
5972 49 17
5973 90 46
5974 56 21
5975 8 20
5976 88 41
5977 89 32
5978 36 3
5979 62 38
5980 66 3
5981 71 4
5982 47 15
5983 3 36
5984 30 1
5985 35 45
5986 73 26
5987 27 1
5988 43 45
5989 9 25
5990 59 9
5991 21 2
5992 90 32
5993 37 31
5994 34 13
5995 57 24
5996 13 31
5997 33 26
5998 23 5
5999 19 12
6000 33 9
6001 35 38
6002 98 29
6003 8 40
6004 4 15
6005 9 2
6006 27 2
6007 29 13
6008 61 29
6009 56 25
6010 30 7
6011 41 40
6012 64 11
6013 15 4
6014 30 27
6015 82 9
6016 50 16
6017 70 24
6018 70 36
6019 88 48
6020 57 33
6021 90 32
6022 98 48
6023 87 26
6024 11 23
6025 6 23
6026 64 3
6027 7 47
6028 36 0
6029 12 6
6030 2 5
6031 15 37
6032 5 3
6033 2 10
6034 37 14
6035 36 12
6036 98 14
6037 60 9
6038 54 9
6039 21 7
6040 77 44
6041 12 0
6042 31 7
6043 73 25
6044 53 14
6045 58 22
6046 36 23
6047 89 46
6048 22 13
6049 90 32
6050 48 25
6051 16 30
6052 60 39
6053 76 28
6054 4 35
6055 15 23
6056 43 29
6057 39 15
6058 16 19
6059 69 44
6060 28 34
6061 41 25
6062 4 6
6063 51 9
6064 86 22
6065 24 9
6066 94 8
6067 11 15
6068 40 2
6069 54 48
6070 61 45
6071 97 23
6072 31 14
6073 12 32
6074 53 32
6075 47 17
6076 41 5
6077 74 9
6078 61 35
6079 36 47
6080 88 13
6081 6 33
6082 7 12
6083 1 2
6084 63 39
6085 6 27
6086 25 30
6087 80 19
6088 11 8
6089 34 2
6090 64 9
6091 98 41
6092 15 46
6093 18 43
6094 46 37
6095 22 23
6096 65 22
6097 20 7
6098 17 36
6099 5 29
6100 89 46
6101 2 18
6102 37 7
6103 76 4
6104 64 14
6105 47 0
6106 89 48
6107 46 24
6108 60 1
6109 1 29
6110 21 16
6111 90 18
6112 34 13
6113 68 38
6114 53 30
6115 10 1
6116 35 8
6117 83 38
6118 27 31
6119 3 37
6120 5 0
6121 81 45
6122 44 9
6123 55 28
6124 72 10
6125 27 20
6126 86 8
6127 81 47
6128 37 38
6129 89 2
6130 47 31
6131 22 45
6132 9 26
6133 80 6
6134 54 30
6135 97 21
6136 68 12
6137 39 10
6138 91 35
6139 48 47
6140 16 23
6141 18 40
6142 78 0
6143 1 14
6144 65 43
6145 79 10
6146 68 37
6147 24 45
6148 38 28
6149 38 41
6150 73 1
6151 68 42
6152 83 48
6153 17 42
6154 64 7
6155 20 12
6156 80 8
6157 60 28
6158 48 7
6159 71 15
6160 10 8
6161 44 23
6162 41 43
6163 55 25
6164 80 20
6165 1 29
6166 90 22
6167 76 6
6168 51 28
6169 58 40
6170 13 34
6171 86 40
6172 9 32
6173 81 1
6174 0 28
6175 94 22
6176 1 10
6177 83 44
6178 17 31
6179 37 47
6180 95 33
6181 6 46
6182 15 17
6183 76 46
6184 30 0
6185 79 16
6186 79 24
6187 70 41
6188 56 21
6189 21 12
6190 81 22
6191 58 46
6192 8 15
6193 53 20
6194 0 0
6195 71 37
6196 88 48
6197 22 36
6198 93 3
6199 93 9
6200 18 31
6201 58 17
6202 4 21
6203 83 35
6204 0 25
6205 13 22
6206 47 15
6207 86 0
6208 44 4
6209 2 2
6210 77 13
6211 39 3
6212 76 22
6213 18 40
6214 1 13
6215 69 40
6216 9 42
6217 67 31
6218 17 4
6219 21 36
6220 40 42
6221 82 44
6222 74 16
6223 65 48
6224 45 3
6225 84 45
6226 79 46
6227 88 17
6228 74 45
6229 69 21
6230 29 43
6231 65 15
6232 43 3
6233 56 45
6234 77 14
6235 44 28
6236 60 8
6237 36 1
6238 59 26
6239 20 3
6240 73 5
6241 35 8
6242 88 0
6243 7 21
6244 31 17
6245 3 13
6246 75 4
6247 25 8
6248 61 32
6249 65 21
6250 90 11
6251 4 10
6252 65 18
6253 80 40
6254 32 40
6255 24 35
6256 29 30
6257 12 25
6258 33 48
6259 31 35
6260 23 30
6261 21 26
6262 44 9
6263 3 0
6264 92 46
6265 1 33
6266 62 44
6267 48 25
6268 77 25
6269 91 10
6270 40 18
6271 13 39
6272 46 47
6273 21 42
6274 42 31
6275 96 48
6276 43 47
6277 96 18
6278 63 23
6279 93 35
6280 92 46
6281 18 13
6282 66 22
6283 79 38
6284 9 46
6285 74 14
6286 60 20
6287 95 32
6288 69 41
6289 36 2
6290 77 14
6291 83 8
6292 85 18
6293 42 38
6294 46 14
6295 89 7
6296 8 43
6297 9 25
6298 18 46
6299 9 0
6300 46 47
6301 38 18
6302 49 12
6303 53 33
6304 94 33
6305 50 9
6306 74 1
6307 55 44
6308 55 16
6309 41 32
6310 1 47
6311 55 6
6312 76 9
6313 58 5
6314 21 24
6315 33 42
6316 19 23
6317 20 29
6318 82 21
6319 73 6
6320 17 24
6321 32 3
6322 80 41
6323 3 30
6324 27 9
6325 15 6
6326 69 22
6327 34 45
6328 62 3
6329 0 5
6330 74 32
6331 4 43
6332 93 0
6333 83 47
6334 36 19
6335 37 29
6336 51 21
6337 6 5
6338 59 18
6339 44 4
6340 88 16
6341 34 4
6342 84 0
6343 90 16
6344 60 15
6345 36 20
6346 71 17
6347 61 15
6348 19 42
6349 12 32
6350 13 46
6351 91 15
6352 21 11
6353 10 24
6354 20 11
6355 9 24
6356 62 42
6357 5 39
6358 16 29
6359 30 9
6360 44 11
6361 13 29
6362 45 31
6363 41 4
6364 50 34
6365 62 4
6366 23 45
6367 25 45
6368 82 35
6369 22 5
6370 16 11
6371 36 12
6372 22 31
6373 23 17
6374 79 42
6375 77 20
6376 64 48
6377 48 26
6378 9 11
6379 77 20
6380 42 44
6381 59 27
6382 39 12
6383 7 17
6384 97 20
6385 69 12
6386 76 31
6387 88 21
6388 55 3
6389 25 21
6390 49 17
6391 38 0
6392 33 21
6393 69 6
6394 67 43
6395 20 39
6396 69 23
6397 16 27
6398 35 44
6399 39 22
6400 60 4
6401 37 14
6402 56 9
6403 75 26
6404 63 30
6405 24 36
6406 4 44
6407 94 22
6408 88 36
6409 83 35
6410 44 44
6411 19 23
6412 2 42
6413 6 40
6414 51 10
6415 9 3
6416 71 5
6417 22 37
6418 92 11
6419 50 30
6420 94 6
6421 41 0
6422 95 7
6423 77 8
6424 90 2
6425 4 12
6426 37 9
6427 20 31
6428 10 12
6429 61 2
6430 44 16
6431 56 8
6432 28 29
6433 91 18
6434 20 38
6435 89 41
6436 98 40
6437 47 28
6438 61 12
6439 3 35
6440 45 34
6441 95 7
6442 24 6
6443 46 5
6444 51 11
6445 83 39
6446 87 43
6447 57 48
6448 96 23
6449 18 5
6450 30 38
6451 84 11
6452 33 16
6453 82 37
6454 26 0
6455 41 5
6456 26 12
6457 79 46
6458 74 17
6459 25 13
6460 13 48
6461 27 17
6462 23 38
6463 0 4
6464 46 19
6465 1 21
6466 57 29
6467 62 15
6468 57 15
6469 93 22
6470 23 37
6471 15 34
6472 79 14
6473 70 13
6474 20 31
6475 37 48
6476 2 0
6477 77 48
6478 88 22
6479 96 31
6480 21 33
6481 44 2
6482 78 45
6483 10 43
6484 95 3
6485 34 29
6486 24 15
6487 9 21
6488 1 15
6489 12 21
6490 56 0
6491 8 4
6492 49 40
6493 94 43
6494 70 15
6495 10 5
6496 62 0
6497 79 25
6498 8 12
6499 82 32
6500 95 34
6501 68 31
6502 21 15
6503 49 42
6504 52 43
6505 25 31
6506 29 4
6507 42 22
6508 15 15
6509 8 26
6510 78 35
6511 82 23
6512 4 33
6513 95 17
6514 10 17
6515 10 5
6516 29 9
6517 92 34
6518 53 34
6519 80 26
6520 13 45
6521 23 17
6522 40 3
6523 34 5
6524 83 27
6525 57 39
6526 95 37
6527 95 22
6528 97 18
6529 93 11
6530 59 14
6531 5 38
6532 4 38
6533 74 13
6534 11 31
6535 86 20
6536 29 43
6537 47 23
6538 82 37
6539 34 9
6540 3 18
6541 51 11
6542 15 48
6543 87 19
6544 59 43
6545 78 48
6546 85 28
6547 90 2
6548 67 10
6549 28 13
6550 22 11
6551 25 41
6552 65 1
6553 66 47
6554 35 25
6555 23 19
6556 69 45
6557 78 25
6558 6 6
6559 34 4
6560 83 13
6561 11 6
6562 73 28
6563 63 30
6564 19 47
6565 10 12
6566 81 12
6567 10 25
6568 88 12
6569 50 7
6570 91 14
6571 97 42
6572 89 15
6573 62 35
6574 11 46
6575 47 11
6576 14 8
6577 54 18
6578 28 8
6579 73 21
6580 67 37
6581 74 1
6582 16 0
6583 71 46
6584 28 6
6585 42 2
6586 63 48
6587 41 22
6588 46 10
6589 92 39
6590 64 15
6591 30 17
6592 25 34
6593 58 2
6594 15 45
6595 59 44
6596 80 17
6597 46 28
6598 87 18
6599 32 41
6600 31 21
6601 77 1
6602 65 38
6603 19 21
6604 34 28
6605 82 16
6606 41 9
6607 75 30
6608 12 38
6609 84 41
6610 11 23
6611 88 38
6612 25 13
6613 89 22
6614 77 37
6615 73 1
6616 64 7
6617 44 39
6618 38 26
6619 42 4
6620 34 26
6621 82 0
6622 98 9
6623 90 0
6624 50 30
6625 83 5
6626 69 3
6627 87 39
6628 34 37
6629 50 33
6630 38 46
6631 33 47
6632 91 14
6633 86 2
6634 80 22
6635 67 34
6636 77 28
6637 19 11
6638 72 4
6639 41 32
6640 84 3
6641 20 9
6642 25 18
6643 62 14
6644 89 34
6645 58 7
6646 94 34
6647 20 14
6648 63 27
6649 63 25
6650 28 19
6651 41 48
6652 53 41
6653 42 39
6654 58 3
6655 34 33
6656 28 9
6657 43 4
6658 90 2
6659 1 19
6660 16 23
6661 53 32
6662 91 24
6663 48 8
6664 64 42
6665 10 39
6666 58 3
6667 9 27
6668 50 29
6669 92 8
6670 29 23
6671 17 32
6672 22 34
6673 78 28
6674 90 16
6675 33 31
6676 2 13
6677 13 9
6678 83 15
6679 85 4
6680 47 41
6681 88 26
6682 61 43
6683 85 34
6684 50 25
6685 10 39
6686 5 22
6687 36 42
6688 33 42
6689 31 37
6690 84 44
6691 69 8
6692 7 0
6693 36 47
6694 46 11
6695 96 29
6696 57 44
6697 71 13
6698 2 39
6699 0 35
6700 89 48
6701 54 6
6702 10 48
6703 1 48
6704 58 6
6705 22 11
6706 37 15
6707 79 5
6708 18 1
6709 46 38
6710 37 3
6711 15 30
6712 44 26
6713 54 21
6714 1 42
6715 98 20
6716 58 2
6717 58 37
6718 71 20
6719 37 31
6720 2 21
6721 44 26
6722 89 5
6723 40 2
6724 41 28
6725 85 26
6726 46 22
6727 74 24
6728 16 17
6729 42 22
6730 23 36
6731 80 33
6732 26 38
6733 83 6
6734 6 31
6735 71 20
6736 24 7
6737 58 10
6738 19 31
6739 90 24
6740 96 21
6741 4 45
6742 62 36
6743 45 37
6744 58 27
6745 54 42
6746 64 3
6747 87 36
6748 76 14
6749 26 21
6750 45 3
6751 40 29
6752 83 26
6753 26 22
6754 84 43
6755 98 17
6756 32 39
6757 73 12
6758 17 18
6759 58 28
6760 31 32
6761 62 10
6762 25 11
6763 62 10
6764 31 17
6765 67 5
6766 98 15
6767 2 10
6768 22 22
6769 55 23
6770 93 31
6771 14 4
6772 92 6
6773 31 15
6774 68 21
6775 87 24
6776 33 0
6777 31 5
6778 31 1
6779 47 22
6780 1 23
6781 10 4
6782 41 33
6783 63 3
6784 17 4
6785 38 46
6786 45 24
6787 63 16
6788 30 36
6789 20 32
6790 84 5
6791 74 0
6792 34 10
6793 11 42
6794 39 13
6795 2 33
6796 85 48
6797 93 48
6798 39 20
6799 45 5
6800 7 11
6801 71 40
6802 17 0
6803 94 19
6804 67 15
6805 90 37
6806 19 25
6807 24 7
6808 83 37
6809 20 16
6810 18 22
6811 72 6
6812 18 15
6813 21 20
6814 81 35
6815 93 15
6816 61 2
6817 92 25
6818 14 13
6819 12 24
6820 63 48
6821 41 21
6822 24 10
6823 41 37
6824 53 3
6825 43 32
6826 59 41
6827 34 36
6828 6 28
6829 35 31
6830 66 42
6831 79 24
6832 56 29
6833 34 32
6834 33 3
6835 60 0
6836 1 23
6837 15 48
6838 49 0
6839 52 43
6840 7 21
6841 77 44
6842 7 7
6843 50 47
6844 39 18
6845 52 7
6846 7 31
6847 95 35
6848 86 33
6849 69 18
6850 74 28
6851 18 4
6852 1 14
6853 10 48
6854 66 11
6855 72 36
6856 85 47
6857 89 12
6858 78 12
6859 50 27
6860 4 5
6861 53 47
6862 81 6
6863 6 31
6864 17 9
6865 25 38
6866 27 10
6867 23 40
6868 96 8
6869 24 44
6870 41 4
6871 37 4
6872 40 21
6873 11 24
6874 47 23
6875 60 38
6876 42 3
6877 52 47
6878 37 27
6879 82 18
6880 3 47
6881 30 42
6882 76 4
6883 62 30
6884 78 0
6885 37 8
6886 94 3
6887 46 29
6888 25 44
6889 53 18
6890 19 29
6891 2 45
6892 52 29
6893 80 12
6894 53 9
6895 96 14
6896 78 0
6897 60 0
6898 72 12
6899 40 34
6900 38 32
6901 3 34
6902 62 5
6903 9 21
6904 80 5
6905 4 27
6906 47 16
6907 56 9
6908 66 10
6909 28 32
6910 64 18
6911 95 8
6912 78 7
6913 91 45
6914 58 2
6915 58 37
6916 63 14
6917 86 15
6918 12 37
6919 36 23
6920 27 30
6921 44 15
6922 7 4
6923 98 4
6924 81 19
6925 70 17
6926 73 27
6927 57 21
6928 50 46
6929 46 22
6930 83 22
6931 56 44
6932 88 7
6933 22 6
6934 68 20
6935 56 28
6936 97 14
6937 83 30
6938 71 18
6939 64 2
6940 97 6
6941 88 34
6942 22 17
6943 19 15
6944 40 12
6945 16 22
6946 46 11
6947 90 6
6948 82 26
6949 51 21
6950 97 15
6951 49 47
6952 58 8
6953 30 17
6954 16 45
6955 80 10
6956 96 28
6957 73 4
6958 27 21
6959 48 9
6960 96 46
6961 96 29
6962 22 6
6963 88 36
6964 3 39
6965 17 27
6966 61 25
6967 83 14
6968 29 15
6969 37 8
6970 97 32
6971 7 9
6972 48 2
6973 36 18
6974 48 37
6975 21 41
6976 18 3
6977 38 31
6978 82 33
6979 96 19
6980 54 18
6981 51 9
6982 93 17
6983 79 14
6984 80 5
6985 53 22
6986 92 31
6987 50 27
6988 23 20
6989 65 4
6990 28 46
6991 21 15
6992 43 35
6993 39 4
6994 34 25
6995 68 17
6996 72 11
6997 60 32
6998 75 32
6999 0 0
7000 94 42
7001 40 14
7002 62 26
7003 14 4
7004 56 2
7005 56 18
7006 51 17
7007 91 46
7008 33 32
7009 40 45
7010 36 46
7011 53 13
7012 19 1
7013 52 17
7014 71 12
7015 89 48
7016 44 21
7017 58 7
7018 17 8
7019 17 8
7020 79 3
7021 86 42
7022 40 26
7023 91 34
7024 74 36
7025 98 27
7026 49 39
7027 14 24
7028 62 33
7029 13 35
7030 42 42
7031 91 16
7032 26 2
7033 53 41
7034 53 12
7035 26 14
7036 19 19
7037 85 4
7038 51 47
7039 42 18
7040 13 9
7041 49 27
7042 62 14
7043 49 37
7044 46 10
7045 47 15
7046 65 12
7047 52 33
7048 89 28
7049 44 25
7050 16 35
7051 40 47
7052 89 36
7053 45 5
7054 53 2
7055 18 31
7056 60 24
7057 20 1
7058 65 18
7059 20 45
7060 50 15
7061 12 37
7062 55 45
7063 2 26
7064 5 2
7065 15 5
7066 66 22
7067 95 3
7068 23 11
7069 2 10
7070 17 13
7071 23 0
7072 84 0
7073 56 26
7074 61 14
7075 24 20
7076 93 26
7077 8 15
7078 83 19
7079 10 29
7080 57 28
7081 53 36
7082 13 22
7083 2 8
7084 82 30
7085 18 7
7086 58 31
7087 66 16
7088 11 27
7089 95 48
7090 28 28
7091 21 33
7092 19 25
7093 41 48
7094 73 22
7095 49 20
7096 52 40
7097 66 3
7098 27 47
7099 82 42
7100 17 5
7101 97 22
7102 29 9
7103 70 33
7104 7 7
7105 95 2
7106 87 21
7107 80 23
7108 26 23
7109 64 3
7110 44 27
7111 78 8
7112 37 41
7113 83 4
7114 33 9
7115 35 48
7116 5 19
7117 33 12
7118 46 21
7119 95 28
7120 14 13
7121 28 33
7122 21 30
7123 20 26
7124 0 25
7125 51 43
7126 28 5
7127 32 23
7128 2 36
7129 59 10
7130 91 14
7131 29 46
7132 63 28
7133 85 15
7134 36 38
7135 51 0
7136 97 38
7137 74 41
7138 31 30
7139 85 4
7140 45 32
7141 36 11
7142 92 25
7143 23 3
7144 32 39
7145 40 2
7146 35 4
7147 40 5
7148 46 11
7149 10 40
7150 52 14
7151 14 29
7152 56 21
7153 52 36
7154 85 47
7155 57 26
7156 22 21
7157 78 34
7158 91 35
7159 20 5
7160 53 46
7161 31 26
7162 0 17
7163 10 40
7164 72 45
7165 75 21
7166 84 1
7167 9 20
7168 67 8
7169 89 34
7170 77 30
7171 18 22
7172 86 16
7173 10 21
7174 82 2
7175 68 8
7176 30 41
7177 38 42
7178 31 42
7179 51 34
7180 15 32
7181 73 29
7182 78 14
7183 86 9
7184 97 42
7185 42 5
7186 71 18
7187 93 25
7188 44 19
7189 33 33
7190 51 35
7191 8 19
7192 1 17
7193 42 25
7194 55 32
7195 12 1
7196 38 3
7197 49 34
7198 87 39
7199 12 46
7200 26 10
7201 39 28
7202 94 8
7203 39 34
7204 31 24
7205 28 20
7206 97 23
7207 97 21
7208 39 2
7209 0 47
7210 15 24
7211 36 2
7212 95 46
7213 79 36
7214 83 6
7215 61 42
7216 90 5
7217 88 13
7218 36 27
7219 72 1
7220 40 48
7221 53 35
7222 28 29
7223 27 41
7224 96 42
7225 50 33
7226 26 22
7227 87 36
7228 21 43
7229 11 34
7230 24 27
7231 62 22
7232 30 40
7233 20 16
7234 64 40
7235 59 9
7236 63 4
7237 24 39
7238 65 14
7239 28 22
7240 5 29
7241 57 25
7242 69 26
7243 27 8
7244 65 25
7245 33 22
7246 13 41
7247 72 11
7248 2 42
7249 65 11
7250 4 29
7251 46 42
7252 12 45
7253 40 32
7254 16 27
7255 54 32
7256 15 45
7257 52 31
7258 73 0
7259 47 15
7260 67 11
7261 37 40
7262 33 19
7263 13 10
7264 91 25
7265 76 14
7266 33 30
7267 63 13
7268 2 34
7269 39 10
7270 61 10
7271 19 2
7272 84 10
7273 62 45
7274 3 47
7275 19 33
7276 54 13
7277 3 17
7278 32 48
7279 7 27
7280 87 36
7281 38 28
7282 33 11
7283 55 20
7284 79 0
7285 49 42
7286 33 40
7287 97 30
7288 9 28
7289 64 26
7290 35 28
7291 64 38
7292 95 23
7293 4 21
7294 36 29
7295 89 28
7296 33 9
7297 19 29
7298 7 31
7299 41 23
7300 5 10
7301 47 42
7302 61 21
7303 65 26
7304 9 14
7305 78 34
7306 30 31
7307 86 41
7308 32 23
7309 36 13
7310 51 39
7311 70 43
7312 92 29
7313 78 32
7314 51 13
7315 85 12
7316 42 12
7317 95 8
7318 3 7
7319 4 38
7320 6 20
7321 19 5
7322 88 33
7323 96 28
7324 95 32
7325 20 19
7326 5 38
7327 37 35
7328 22 48
7329 0 40
7330 96 28
7331 97 22
7332 0 1
7333 15 48
7334 0 1
7335 10 38
7336 92 0
7337 46 13
7338 16 27
7339 71 2
7340 14 34
7341 82 15
7342 74 36
7343 18 18
7344 59 38
7345 0 40
7346 9 48
7347 6 8
7348 66 8
7349 92 25
7350 96 27
7351 66 16
7352 42 2
7353 39 13
7354 52 48
7355 97 13
7356 26 27
7357 9 36
7358 30 45
7359 96 16
7360 10 39
7361 90 14
7362 0 33
7363 60 32
7364 21 23
7365 67 47
7366 90 48
7367 60 41
7368 33 15
7369 86 46
7370 77 11
7371 57 1
7372 56 2
7373 22 30
7374 15 32
7375 32 26
7376 10 1
7377 2 2
7378 40 34
7379 8 1
7380 75 42
7381 63 5
7382 63 9
7383 92 24
7384 97 31
7385 20 7
7386 23 29
7387 19 46
7388 9 40
7389 79 12
7390 53 22
7391 15 23
7392 82 32
7393 54 10
7394 75 24
7395 0 14
7396 40 35
7397 95 33
7398 20 4
7399 95 15
7400 9 21
7401 82 31
7402 49 18
7403 17 3
7404 86 2
7405 10 6
7406 1 0
7407 75 30
7408 41 33
7409 97 34
7410 63 22
7411 19 26
7412 38 30
7413 72 5
7414 47 46
7415 98 12
7416 37 16
7417 33 28
7418 17 36
7419 47 13
7420 40 24
7421 64 36
7422 93 33
7423 74 38
7424 24 40
7425 92 17
7426 32 18
7427 71 28
7428 67 2
7429 97 30
7430 58 47
7431 6 24
7432 91 7
7433 66 27
7434 8 8
7435 42 20
7436 45 40
7437 17 26
7438 28 44
7439 33 44
7440 34 46
7441 40 8
7442 75 25
7443 54 2
7444 82 19
7445 85 24
7446 77 17
7447 77 5
7448 13 33
7449 76 11
7450 12 10
7451 67 44
7452 9 46
7453 53 25
7454 40 9
7455 47 38
7456 84 29
7457 88 39
7458 25 39
7459 28 42
7460 83 13
7461 45 47
7462 38 7
7463 20 23
7464 18 4
7465 51 10
7466 61 7
7467 25 34
7468 8 28
7469 4 33
7470 79 25
7471 81 19
7472 79 46
7473 6 25
7474 75 12
7475 77 38
7476 30 32
7477 13 28
7478 19 4
7479 45 34
7480 3 37
7481 68 45
7482 92 40
7483 77 40
7484 35 41
7485 29 32
7486 68 47
7487 2 44
7488 24 31
7489 86 1
7490 75 1
7491 26 17
7492 18 45
7493 80 45
7494 33 38
7495 45 8
7496 32 31
7497 86 29
7498 63 28
7499 33 23
7500 83 6
7501 66 48
7502 0 46
7503 0 24
7504 22 41
7505 98 17
7506 89 0
7507 45 15
7508 85 23
7509 62 42
7510 14 47
7511 16 45
7512 64 46
7513 45 6
7514 22 40
7515 10 24
7516 9 2
7517 90 43
7518 4 21
7519 92 31
7520 34 41
7521 87 18
7522 68 4
7523 88 10
7524 8 41
7525 98 38
7526 29 42
7527 16 43
7528 73 3
7529 44 39
7530 29 4
7531 70 30
7532 53 42
7533 41 15
7534 42 25
7535 71 1
7536 93 24
7537 5 25
7538 31 2
7539 94 10
7540 70 27
7541 15 29
7542 67 1
7543 86 18
7544 63 1
7545 90 18
7546 35 31
7547 95 0
7548 16 16
7549 92 27
7550 62 31
7551 85 18
7552 45 11
7553 54 5
7554 70 30
7555 68 5
7556 79 4
7557 29 16
7558 41 22
7559 24 19
7560 66 40
7561 90 43
7562 3 38
7563 81 8
7564 63 2
7565 70 41
7566 97 1
7567 47 16
7568 89 5
7569 83 11
7570 63 37
7571 84 12
7572 95 26
7573 94 48
7574 91 33
7575 74 33
7576 36 18
7577 82 11
7578 14 3
7579 20 11
7580 6 28
7581 11 12
7582 62 29
7583 39 13
7584 77 2
7585 48 6
7586 80 20
7587 76 21
7588 12 39
7589 82 24
7590 86 9
7591 16 19
7592 37 3
7593 73 44
7594 53 27
7595 91 23
7596 13 21
7597 71 40
7598 49 18
7599 59 16
7600 77 27
7601 52 44
7602 70 1
7603 61 38
7604 12 48
7605 75 13
7606 75 4
7607 62 36
7608 54 0
7609 2 41
7610 54 45
7611 78 6
7612 1 26
7613 88 27
7614 65 41
7615 96 13
7616 16 45
7617 87 17
7618 34 29
7619 40 47
7620 84 21
7621 13 14
7622 25 29
7623 56 45
7624 0 3
7625 81 7
7626 78 37
7627 20 42
7628 18 38
7629 48 38
7630 91 24
7631 36 36
7632 51 32
7633 82 48
7634 64 44
7635 7 21
7636 4 15
7637 91 5
7638 84 36
7639 8 35
7640 8 25
7641 11 18
7642 13 45
7643 28 43
7644 34 28
7645 6 27
7646 12 11
7647 94 27
7648 26 9
7649 29 40
7650 4 31
7651 19 32
7652 71 15
7653 31 48
7654 47 0
7655 50 12
7656 19 4
7657 83 25
7658 81 20
7659 81 17
7660 23 12
7661 46 14
7662 67 26
7663 75 30
7664 12 38
7665 64 7
7666 61 21
7667 31 28
7668 58 9
7669 10 23
7670 10 43
7671 0 5
7672 51 5
7673 90 37
7674 81 46
7675 39 31
7676 48 23
7677 25 42
7678 55 46
7679 3 46
7680 29 42
7681 18 24
7682 81 37
7683 17 32
7684 33 2
7685 41 18
7686 64 12
7687 73 27
7688 1 24
7689 31 30
7690 92 27
7691 75 12
7692 73 39
7693 4 40
7694 29 11
7695 76 26
7696 19 32
7697 35 40
7698 46 20
7699 3 40
7700 36 34
7701 51 1
7702 94 28
7703 56 9
7704 8 6
7705 51 40
7706 24 31
7707 81 37
7708 42 28
7709 11 41
7710 30 46
7711 34 1
7712 31 36
7713 67 34
7714 70 38
7715 12 39
7716 47 32
7717 4 32
7718 81 12
7719 88 23
7720 32 19
7721 54 30
7722 71 40
7723 7 33
7724 45 34
7725 61 39
7726 82 25
7727 9 27
7728 46 37
7729 32 46
7730 53 12
7731 61 46
7732 18 30
7733 39 37
7734 95 21
7735 47 36
7736 64 36
7737 59 19
7738 98 17
7739 68 38
7740 17 9
7741 96 33
7742 68 34
7743 62 6
7744 89 25
7745 71 31
7746 20 2
7747 30 16
7748 65 23
7749 12 19
7750 74 37
7751 32 10
7752 96 33
7753 53 22
7754 87 47
7755 89 30
7756 19 20
7757 17 8
7758 64 1
7759 86 26
7760 31 4
7761 88 19
7762 40 47
7763 1 33
7764 34 27
7765 55 29
7766 58 46
7767 28 14
7768 42 41
7769 97 43
7770 92 34
7771 69 33
7772 54 38
7773 14 24
7774 92 37
7775 0 8
7776 13 4
7777 73 3
7778 77 6
7779 92 17
7780 59 26
7781 77 45
7782 44 28
7783 16 44
7784 73 44
7785 16 34
7786 46 15
7787 80 2
7788 25 12
7789 89 41
7790 23 31
7791 1 5
7792 98 10
7793 82 3
7794 1 45
7795 76 32
7796 67 19
7797 65 39
7798 3 5
7799 44 7
7800 56 27
7801 6 17
7802 79 44
7803 95 2
7804 11 30
7805 30 39
7806 34 26
7807 4 19
7808 5 5
7809 49 44
7810 75 21
7811 33 5
7812 54 28
7813 7 32
7814 13 40
7815 47 15
7816 71 20
7817 51 11
7818 18 18
7819 14 41
7820 15 43
7821 36 27
7822 88 33
7823 53 10
7824 78 33
7825 70 35
7826 24 17
7827 7 45
7828 57 37
7829 41 13
7830 63 23
7831 47 16
7832 38 13
7833 38 33
7834 60 16
7835 77 14
7836 0 12
7837 49 42
7838 54 3
7839 60 15
7840 37 18
7841 64 14
7842 32 5
7843 67 14
7844 80 23
7845 65 25
7846 90 36
7847 54 16
7848 43 40
7849 36 34
7850 95 7
7851 6 11
7852 25 30
7853 79 0
7854 56 5
7855 96 2
7856 82 31
7857 60 1
7858 29 19
7859 95 25
7860 45 43
7861 23 41
7862 30 13
7863 92 17
7864 84 17
7865 29 45
7866 81 11
7867 75 46
7868 93 41
7869 35 33
7870 61 13
7871 35 19
7872 96 42
7873 96 3
7874 56 1
7875 11 29
7876 31 8
7877 77 30
7878 60 46
7879 65 2
7880 10 21
7881 85 40
7882 89 38
7883 81 37
7884 59 40
7885 55 6
7886 58 32
7887 23 47
7888 89 26
7889 79 15
7890 49 23
7891 15 40
7892 60 2
7893 90 44
7894 66 9
7895 42 2
7896 29 41
7897 77 24
7898 74 22
7899 71 14
7900 18 5
7901 83 20
7902 18 5
7903 97 47
7904 22 48
7905 17 39
7906 49 32
7907 10 0
7908 44 13
7909 74 21
7910 18 20
7911 83 22
7912 77 17
7913 33 20
7914 85 29
7915 47 24
7916 32 4
7917 64 29
7918 76 2
7919 6 34
7920 7 39
7921 67 8
7922 54 10
7923 63 16
7924 49 9
7925 92 14
7926 55 33
7927 4 14
7928 71 30
7929 18 13
7930 5 33
7931 32 21
7932 79 14
7933 17 0
7934 90 43
7935 51 35
7936 15 5
7937 9 31
7938 62 16
7939 63 2
7940 12 0
7941 12 1
7942 92 28
7943 80 20
7944 14 3
7945 76 32
7946 6 3
7947 7 4
7948 6 33
7949 91 25
7950 47 10
7951 52 41
7952 49 32
7953 17 43
7954 52 13
7955 14 32
7956 43 34
7957 61 9
7958 18 26
7959 48 22
7960 90 21
7961 22 16
7962 32 24
7963 20 13
7964 27 6
7965 98 19
7966 95 20
7967 88 20
7968 55 32
7969 66 10
7970 71 18
7971 65 32
7972 25 1
7973 50 12
7974 82 48
7975 69 14
7976 61 47
7977 58 26
7978 93 33
7979 75 12
7980 61 13
7981 61 18
7982 33 29
7983 73 5
7984 4 15
7985 72 45
7986 47 25
7987 84 13
7988 80 18
7989 8 37
7990 53 26
7991 3 1
7992 68 32
7993 30 6
7994 25 24
7995 34 42
7996 2 25
7997 1 35
7998 64 48
7999 38 34
8000 73 12
8001 4 23
8002 72 22
8003 40 43
8004 16 43
8005 45 16
8006 44 46
8007 1 11
8008 27 22
8009 92 0
8010 55 12
8011 11 31
8012 88 6
8013 31 28
8014 22 3
8015 0 40
8016 58 40
8017 48 22
8018 76 18
8019 84 30
8020 69 44
8021 34 20
8022 47 14
8023 62 37
8024 20 33
8025 40 8
8026 11 37
8027 54 22
8028 16 20
8029 58 14
8030 23 19
8031 21 27
8032 40 46
8033 16 15
8034 16 6
8035 55 13
8036 81 39
8037 38 41
8038 29 13
8039 40 8
8040 77 34
8041 14 7
8042 24 26
8043 66 3
8044 96 8
8045 73 38
8046 77 28
8047 80 46
8048 22 6
8049 14 38
8050 54 34
8051 16 23
8052 95 25
8053 8 17
8054 50 41
8055 77 19
8056 63 23
8057 61 0
8058 77 35
8059 35 46
8060 77 37
8061 62 47
8062 19 42
8063 96 0
8064 36 1
8065 87 42
8066 20 9
8067 27 36
8068 58 17
8069 49 4
8070 36 42
8071 94 45
8072 55 22
8073 74 21
8074 4 33
8075 87 9
8076 69 10
8077 87 33
8078 45 37
8079 25 27
8080 91 46
8081 77 14
8082 5 21
8083 90 0
8084 33 42
8085 74 9
8086 35 5
8087 77 38
8088 65 21
8089 93 23
8090 17 41
8091 42 36
8092 68 25
8093 20 7
8094 82 25
8095 66 40
8096 22 32
8097 32 31
8098 71 9
8099 86 21
8100 65 8
8101 11 3
8102 67 32
8103 24 17
8104 79 18
8105 41 10
8106 91 45
8107 25 34
8108 51 3
8109 19 16
8110 3 20
8111 25 26
8112 20 8
8113 88 4
8114 13 33
8115 43 8
8116 87 22
8117 56 35
8118 69 26
8119 84 24
8120 34 41
8121 38 1
8122 98 43
8123 87 23
8124 69 5
8125 21 39
8126 82 24
8127 35 27
8128 13 17
8129 26 28
8130 35 10
8131 29 48
8132 49 48
8133 12 37
8134 87 23
8135 72 26
8136 52 14
8137 68 34
8138 38 35
8139 39 46
8140 0 8
8141 16 23
8142 48 8
8143 37 28
8144 44 37
8145 79 29
8146 97 28
8147 2 43
8148 58 30
8149 19 7
8150 26 45
8151 75 5
8152 44 48
8153 59 18
8154 11 39
8155 3 17
8156 86 31
8157 69 19
8158 64 35
8159 33 18
8160 14 16
8161 81 48
8162 78 4
8163 14 48
8164 7 35
8165 3 19
8166 24 9
8167 46 12
8168 43 11
8169 84 31
8170 55 6
8171 72 18
8172 90 9
8173 72 19
8174 61 10
8175 17 43
8176 3 23
8177 23 40
8178 35 34
8179 5 42
8180 48 21
8181 6 37
8182 94 47
8183 94 6
8184 13 35
8185 77 0
8186 85 39
8187 55 42
8188 32 7
8189 34 2
8190 29 25
8191 34 20
8192 96 21
8193 22 32
8194 84 26
8195 0 35
8196 59 6
8197 54 18
8198 45 28
8199 71 37
8200 87 0
8201 17 39
8202 98 9
8203 46 5
8204 96 47
8205 1 14
8206 79 28
8207 10 39
8208 60 24
8209 74 18
8210 13 41
8211 0 27
8212 64 47
8213 47 47
8214 16 27
8215 55 26
8216 37 26
8217 95 38
8218 34 10
8219 30 29
8220 91 12
8221 20 43
8222 72 21
8223 20 24
8224 91 30
8225 79 24
8226 32 26
8227 43 12
8228 88 23
8229 82 15
8230 25 31
8231 25 45
8232 65 23
8233 53 4
8234 68 3
8235 49 9
8236 15 42
8237 58 13
8238 81 28
8239 69 34
8240 59 11
8241 81 36
8242 5 9
8243 10 17
8244 71 19
8245 47 23
8246 74 21
8247 85 27
8248 79 42
8249 24 2
8250 58 24
8251 43 42
8252 93 16
8253 53 30
8254 48 19
8255 18 29
8256 61 7
8257 29 2
8258 87 14
8259 39 2
8260 81 44
8261 40 44
8262 68 13
8263 53 42
8264 30 5
8265 21 36
8266 52 37
8267 5 31
8268 31 20
8269 9 17
8270 19 16
8271 84 40
8272 45 33
8273 79 28
8274 3 14
8275 23 45
8276 89 21
8277 75 6
8278 91 44
8279 14 25
8280 28 21
8281 54 36
8282 87 1
8283 48 3
8284 92 48
8285 6 29
8286 29 14
8287 23 38
8288 7 1
8289 25 25
8290 56 14
8291 10 19
8292 36 46
8293 95 4
8294 46 34
8295 70 2
8296 12 17
8297 37 10
8298 85 31
8299 43 12
8300 17 33
8301 50 2
8302 63 32
8303 40 36
8304 13 43
8305 89 41
8306 77 37
8307 33 40
8308 33 29
8309 75 1
8310 86 44
8311 4 7
8312 58 25
8313 48 17
8314 79 2
8315 28 39
8316 55 8
8317 34 31
8318 81 48
8319 33 29
8320 87 12
8321 80 23
8322 69 46
8323 16 16
8324 88 15
8325 16 8
8326 61 33
8327 19 38
8328 89 28
8329 56 19
8330 13 40
8331 41 5
8332 74 7
8333 9 19
8334 77 8
8335 18 42
8336 5 21
8337 87 10
8338 12 12
8339 28 33
8340 13 12
8341 96 15
8342 69 27
8343 56 14
8344 53 25
8345 43 26
8346 21 9
8347 76 25
8348 7 37
8349 42 17
8350 13 27
8351 37 0
8352 47 39
8353 15 7
8354 69 48
8355 34 3
8356 3 33
8357 39 23
8358 72 39
8359 77 16
8360 98 19
8361 54 45
8362 94 24
8363 66 12
8364 52 1
8365 43 46
8366 58 38
8367 43 5
8368 66 34
8369 39 38
8370 23 0
8371 33 7
8372 51 11
8373 90 41
8374 39 42
8375 3 3
8376 55 27
8377 21 32
8378 78 29
8379 12 39
8380 7 0
8381 73 11
8382 35 33
8383 63 8
8384 44 24
8385 33 39
8386 79 8
8387 57 27
8388 82 21
8389 29 48
8390 25 14
8391 52 48
8392 46 37
8393 94 33
8394 17 9
8395 20 27
8396 59 0
8397 65 3
8398 79 27
8399 10 2
8400 86 21
8401 70 26
8402 92 25
8403 85 21
8404 0 36
8405 3 17
8406 15 20
8407 75 21
8408 4 26
8409 28 47
8410 74 10
8411 37 11
8412 42 6
8413 20 41
8414 97 1
8415 56 35
8416 11 29
8417 7 13
8418 86 32
8419 24 26
8420 15 30
8421 2 38
8422 54 43
8423 20 12
8424 9 33
8425 28 34
8426 89 23
8427 40 33
8428 24 8
8429 96 45
8430 23 6
8431 31 12
8432 67 33
8433 21 3
8434 66 4
8435 77 36
8436 93 38
8437 10 18
8438 89 20
8439 33 13
8440 42 31
8441 3 8
8442 54 34
8443 0 0
8444 31 40
8445 53 37
8446 46 30
8447 91 31
8448 29 31
8449 56 24
8450 7 17
8451 45 20
8452 93 16
8453 96 35
8454 2 29
8455 76 38
8456 64 48
8457 63 8
8458 69 28
8459 80 33
8460 58 6
8461 74 33
8462 61 8
8463 83 5
8464 98 1
8465 37 14
8466 76 15
8467 63 36
8468 16 19
8469 86 8
8470 88 27
8471 66 16
8472 13 22
8473 59 16
8474 94 0
8475 88 46
8476 73 17
8477 31 33
8478 50 12
8479 14 47
8480 91 5
8481 75 13
8482 1 10
8483 90 15
8484 34 44
8485 31 18
8486 97 12
8487 23 31
8488 0 15
8489 78 28
8490 39 11
8491 86 3
8492 87 14
8493 82 2
8494 48 15
8495 67 3
8496 90 1
8497 95 19
8498 33 14
8499 67 36
8500 79 23
8501 87 1
8502 59 44
8503 43 11
8504 67 21
8505 60 24
8506 67 36
8507 58 27
8508 64 15
8509 51 46
8510 77 17
8511 22 47
8512 19 44
8513 20 18
8514 33 19
8515 67 5
8516 27 12
8517 45 44
8518 70 39
8519 57 35
8520 22 45
8521 34 32
8522 2 23
8523 35 25
8524 62 25
8525 6 31
8526 12 23
8527 60 22
8528 72 18
8529 86 39
8530 63 3
8531 89 18
8532 69 13
8533 97 7
8534 13 0
8535 98 41
8536 82 7
8537 26 8
8538 9 6
8539 72 18
8540 76 42
8541 76 40
8542 71 28
8543 14 44
8544 27 43
8545 5 40
8546 36 17
8547 34 34
8548 51 21
8549 28 30
8550 78 19
8551 18 5
8552 10 43
8553 59 5
8554 16 47
8555 84 17
8556 68 46
8557 77 12
8558 84 25
8559 14 47
8560 22 17
8561 34 31
8562 13 9
8563 65 45
8564 3 24
8565 60 16
8566 1 18
8567 29 12
8568 84 26
8569 78 17
8570 17 36
8571 81 20
8572 33 43
8573 48 45
8574 75 13
8575 93 15
8576 66 4
8577 42 17
8578 92 30
8579 4 48
8580 29 20
8581 10 21
8582 73 43
8583 24 44
8584 78 8
8585 36 41
8586 64 45
8587 83 18
8588 27 40
8589 44 12
8590 93 2
8591 3 15
8592 93 28
8593 54 24
8594 82 30
8595 98 44
8596 57 44
8597 65 33
8598 74 35
8599 49 29
8600 65 4
8601 2 41
8602 25 32
8603 24 35
8604 26 40
8605 66 29
8606 96 30
8607 27 15
8608 66 38
8609 3 1
8610 63 33
8611 32 8
8612 50 37
8613 42 40
8614 82 26
8615 11 15
8616 95 29
8617 64 11
8618 40 2
8619 76 32
8620 19 29
8621 38 41
8622 50 14
8623 14 31
8624 18 29
8625 67 39
8626 27 8
8627 44 23
8628 13 23
8629 91 19
8630 40 18
8631 20 26
8632 61 46
8633 54 8
8634 58 27
8635 91 4
8636 62 26
8637 21 39
8638 62 0
8639 19 14
8640 95 13
8641 7 17
8642 51 26
8643 51 33
8644 58 14
8645 58 43
8646 12 27
8647 87 37
8648 35 34
8649 85 43
8650 67 25
8651 90 24
8652 79 11
8653 25 1
8654 11 38
8655 70 38
8656 11 34
8657 28 4
8658 16 7
8659 45 22
8660 75 19
8661 57 36
8662 22 24
8663 56 24
8664 34 0
8665 87 33
8666 36 24
8667 77 8
8668 65 46
8669 65 32
8670 28 3
8671 68 31
8672 88 3
8673 34 23
8674 69 22
8675 38 19
8676 6 10
8677 32 42
8678 93 18
8679 45 25
8680 46 19
8681 49 1
8682 22 23
8683 38 7
8684 95 6
8685 83 40
8686 20 47
8687 82 1
8688 20 4
8689 75 29
8690 27 17
8691 18 24
8692 94 42
8693 75 31
8694 69 24
8695 4 13
8696 67 19
8697 91 39
8698 92 34
8699 59 15
8700 20 44
8701 32 31
8702 47 25
8703 72 38
8704 73 41
8705 47 45
8706 92 26
8707 24 13
8708 62 41
8709 46 23
8710 24 43
8711 53 0
8712 73 6
8713 25 25
8714 98 19
8715 56 28
8716 43 18
8717 79 27
8718 22 42
8719 17 6
8720 25 32
8721 60 43
8722 87 10
8723 35 34
8724 17 47
8725 9 21
8726 31 3
8727 56 3
8728 94 44
8729 13 3
8730 25 45
8731 66 7
8732 17 22
8733 62 4
8734 21 44
8735 52 44
8736 78 18
8737 31 0
8738 80 40
8739 40 36
8740 42 7
8741 71 21
8742 74 16
8743 89 18
8744 68 16
8745 19 27
8746 45 17
8747 50 25
8748 20 23
8749 14 17
8750 64 11
8751 44 27
8752 22 41
8753 32 6
8754 24 2
8755 82 43
8756 18 29
8757 71 9
8758 94 22
8759 3 2
8760 48 36
8761 21 48
8762 71 35
8763 73 37
8764 85 48
8765 41 38
8766 56 27
8767 73 39
8768 70 12
8769 40 8
8770 15 35
8771 81 48
8772 74 25
8773 87 33
8774 25 46
8775 37 26
8776 52 15
8777 20 47
8778 92 5
8779 63 40
8780 20 36
8781 50 47
8782 37 32
8783 4 3
8784 67 41
8785 37 22
8786 22 13
8787 64 24
8788 26 41
8789 16 46
8790 92 18
8791 44 7
8792 66 5
8793 4 24
8794 24 38
8795 22 43
8796 10 9
8797 87 45
8798 89 38
8799 4 47
8800 62 16
8801 9 47
8802 76 47
8803 21 48
8804 52 38
8805 10 8
8806 58 27
8807 65 27
8808 81 42
8809 14 3
8810 6 47
8811 77 46
8812 25 8
8813 10 25
8814 60 5
8815 80 2
8816 78 30
8817 2 34
8818 69 15
8819 37 38
8820 34 11
8821 60 5
8822 45 40
8823 41 23
8824 28 34
8825 82 20
8826 10 16
8827 53 24
8828 97 37
8829 97 17
8830 22 21
8831 63 33
8832 57 9
8833 50 37
8834 47 37
8835 77 48
8836 75 10
8837 53 26
8838 12 43
8839 98 13
8840 70 7
8841 23 3
8842 46 47
8843 41 9
8844 74 4
8845 50 44
8846 37 14
8847 52 33
8848 22 36
8849 59 17
8850 12 14
8851 37 12
8852 37 16
8853 8 47
8854 29 36
8855 52 48
8856 27 34
8857 75 14
8858 20 36
8859 50 25
8860 42 35
8861 30 5
8862 87 11
8863 37 17
8864 21 28
8865 60 17
8866 34 36
8867 22 7
8868 86 0
8869 46 11
8870 44 38
8871 12 10
8872 22 37
8873 97 40
8874 67 37
8875 90 10
8876 3 32
8877 9 20
8878 21 43
8879 2 12
8880 10 20
8881 26 38
8882 47 10
8883 9 10
8884 47 28
8885 72 42
8886 46 44
8887 67 2
8888 62 6
8889 45 17
8890 54 34
8891 42 14
8892 21 47
8893 27 22
8894 86 0
8895 92 41
8896 2 26
8897 52 1
8898 86 25
8899 91 13
8900 4 16
8901 12 31
8902 74 33
8903 0 36
8904 13 12
8905 91 21
8906 5 46
8907 73 39
8908 56 18
8909 85 16
8910 98 3
8911 33 0
8912 49 7
8913 66 25
8914 46 27
8915 12 4
8916 54 9
8917 21 12
8918 97 29
8919 54 46
8920 40 45
8921 20 40
8922 80 1
8923 60 36
8924 52 28
8925 60 23
8926 17 2
8927 75 30
8928 4 7
8929 26 3
8930 35 2
8931 3 15
8932 69 36
8933 70 18
8934 53 13
8935 4 40
8936 76 15
8937 17 26
8938 76 4
8939 6 8
8940 81 5
8941 95 17
8942 61 27
8943 83 47
8944 79 33
8945 17 7
8946 72 28
8947 30 48
8948 38 42
8949 51 32
8950 50 14
8951 84 38
8952 70 8
8953 77 1
8954 45 3
8955 49 27
8956 94 34
8957 26 12
8958 77 37
8959 63 33
8960 58 18
8961 89 27
8962 94 12
8963 97 27
8964 79 43
8965 41 44
8966 86 5
8967 50 36
8968 71 6
8969 7 36
8970 97 36
8971 48 0
8972 71 25
8973 79 34
8974 80 33
8975 21 21
8976 74 17
8977 70 9
8978 69 0
8979 60 18
8980 51 48
8981 40 24
8982 87 27
8983 22 45
8984 24 31
8985 10 22
8986 39 22
8987 6 29
8988 81 3
8989 75 24
8990 96 41
8991 96 20
8992 2 20
8993 38 30
8994 69 34
8995 30 17
8996 71 42
8997 5 2
8998 41 19
8999 16 34
9000 27 18
9001 66 48
9002 18 31
9003 45 4
9004 79 36
9005 53 27
9006 77 39
9007 46 30
9008 71 35
9009 57 43
9010 6 43
9011 20 33
9012 78 14
9013 25 1
9014 80 19
9015 78 43
9016 13 20
9017 39 14
9018 70 43
9019 21 23
9020 97 4
9021 1 13
9022 77 26
9023 6 33
9024 31 20
9025 1 34
9026 17 35
9027 80 6
9028 51 13
9029 30 9
9030 25 33
9031 45 45
9032 55 14
9033 61 31
9034 92 23
9035 29 40
9036 18 7
9037 92 47
9038 55 13
9039 38 6
9040 97 11
9041 95 0
9042 25 25
9043 96 29
9044 7 7
9045 29 32
9046 85 47
9047 72 39
9048 95 16
9049 94 31
9050 18 21
9051 39 40
9052 39 1
9053 23 21
9054 63 23
9055 1 18
9056 82 45
9057 37 10
9058 2 46
9059 71 15
9060 17 44
9061 58 13
9062 6 1
9063 98 2
9064 30 24
9065 60 1
9066 61 16
9067 75 42
9068 62 20
9069 27 32
9070 54 45
9071 3 19
9072 85 24
9073 91 8
9074 71 30
9075 3 33
9076 41 46
9077 94 7
9078 51 41
9079 76 48
9080 15 32
9081 78 4
9082 45 8
9083 85 5
9084 58 6
9085 54 45
9086 39 9
9087 6 33
9088 29 8
9089 39 21
9090 32 44
9091 74 26
9092 73 9
9093 64 35
9094 26 40
9095 5 36
9096 80 48
9097 39 0
9098 23 39
9099 53 4
9100 93 25
9101 59 16
9102 84 28
9103 50 42
9104 85 27
9105 7 40
9106 18 32
9107 35 25
9108 10 34
9109 40 42
9110 31 3
9111 27 9
9112 94 5
9113 26 0
9114 25 4
9115 18 26
9116 4 23
9117 81 44
9118 6 15
9119 3 47
9120 59 8
9121 75 16
9122 32 36
9123 54 43
9124 96 28
9125 26 38
9126 97 14
9127 47 29
9128 20 5
9129 83 12
9130 89 38
9131 96 7
9132 88 39
9133 76 19
9134 70 32
9135 41 1
9136 14 23
9137 26 14
9138 21 11
9139 35 17
9140 55 23
9141 55 31
9142 40 48
9143 18 17
9144 25 22
9145 96 33
9146 29 7
9147 11 0
9148 66 35
9149 14 15
9150 44 38
9151 87 26
9152 26 16
9153 55 14
9154 68 21
9155 80 16
9156 95 43
9157 91 10
9158 63 33
9159 2 30
9160 22 42
9161 4 14
9162 50 36
9163 20 40
9164 3 0
9165 61 17
9166 96 11
9167 10 25
9168 29 47
9169 47 38
9170 54 7
9171 32 21
9172 51 42
9173 42 23
9174 73 41
9175 86 42
9176 11 25
9177 93 35
9178 64 42
9179 40 47
9180 22 18
9181 90 32
9182 17 33
9183 24 4
9184 12 39
9185 75 41
9186 54 5
9187 0 40
9188 5 35
9189 6 32
9190 76 6
9191 58 18
9192 8 47
9193 29 4
9194 47 2
9195 40 48
9196 93 1
9197 8 33
9198 61 20
9199 40 15
9200 49 11
9201 16 41
9202 19 38
9203 38 36
9204 81 21
9205 24 35
9206 20 39
9207 55 42
9208 6 46
9209 42 26
9210 1 15
9211 38 9
9212 22 15
9213 18 44
9214 28 31
9215 25 18
9216 51 23
9217 25 25
9218 90 39
9219 31 18
9220 4 40
9221 42 29
9222 69 40
9223 31 23
9224 45 7
9225 37 37
9226 38 27
9227 28 46
9228 57 26
9229 89 47
9230 66 2
9231 50 30
9232 15 15
9233 72 34
9234 48 33
9235 85 22
9236 1 16
9237 20 9
9238 71 23
9239 17 0
9240 67 14
9241 42 41
9242 48 48
9243 96 37
9244 85 31
9245 58 19
9246 13 40
9247 38 45
9248 29 30
9249 24 31
9250 30 37
9251 38 23
9252 86 45
9253 67 33
9254 24 18
9255 18 15
9256 89 6
9257 23 45
9258 4 27
9259 23 1
9260 5 23
9261 64 7
9262 44 13
9263 89 36
9264 19 21
9265 39 5
9266 78 33
9267 35 37
9268 51 6
9269 7 20
9270 48 37
9271 59 12
9272 76 19
9273 61 40
9274 30 32
9275 94 29
9276 2 45
9277 47 13
9278 10 19
9279 66 35
9280 20 21
9281 40 12
9282 65 41
9283 48 15
9284 17 6
9285 84 35
9286 74 37
9287 55 3
9288 67 11
9289 98 39
9290 92 3
9291 60 11
9292 48 8
9293 58 31
9294 70 40
9295 81 42
9296 7 35
9297 61 8
9298 37 8
9299 89 26
9300 18 29
9301 92 22
9302 73 36
9303 54 9
9304 40 26
9305 84 7
9306 98 47
9307 61 23
9308 51 33
9309 64 13
9310 3 9
9311 1 35
9312 31 23
9313 35 21
9314 21 12
9315 27 38
9316 51 4
9317 2 24
9318 1 27
9319 33 4
9320 91 47
9321 8 11
9322 12 18
9323 40 40
9324 23 33
9325 32 33
9326 7 39
9327 16 10
9328 53 25
9329 25 18
9330 74 47
9331 74 28
9332 28 29
9333 55 47
9334 97 32
9335 27 10
9336 33 17
9337 28 37
9338 51 16
9339 68 22
9340 8 8
9341 9 39
9342 73 36
9343 86 32
9344 68 34
9345 94 3
9346 74 29
9347 0 21
9348 26 43
9349 49 24
9350 34 45
9351 33 26
9352 86 7
9353 53 45
9354 31 2
9355 54 22
9356 52 23
9357 50 18
9358 54 7
9359 88 16
9360 42 0
9361 3 9
9362 83 38
9363 67 38
9364 21 30
9365 21 18
9366 17 3
9367 97 24
9368 60 11
9369 32 45
9370 18 37
9371 84 10
9372 38 10
9373 86 29
9374 16 22
9375 91 13
9376 0 35
9377 51 10
9378 77 6
9379 11 15
9380 54 11
9381 42 39
9382 77 45
9383 47 30
9384 96 15
9385 65 0
9386 45 18
9387 77 23
9388 83 41
9389 98 36
9390 82 24
9391 30 33
9392 72 44
9393 50 29
